Lead time (hours): 12
Best trial parameters:
{'seq_len': 96, 'batch_size': 32, 'lr': 0.002542768832673374, 'freq_embed_dropout': 0.20151860999106125, 'embed_dropout': 0.05550207100263994, 'head_dim': 32, 'nhead': 8, 'num_encoder_layers': 4, 'num_decoder_layers': 3, 'weight_decay': 6.193736619398687e-06}
val_RMSE: 1.7458184957504272
val_CC: 0.913357138633728
val_Bias: -1.5196487623825305e-08
val_R2: 0.8342214822769165
val_overall_SS: 0.1756184246434075
val_per_step_RMSE: [1.5236988067626953, 1.545204758644104, 1.575575590133667, 1.614843487739563, 1.6599661111831665, 1.7006045579910278, 1.753643274307251, 1.805156946182251, 1.8495616912841797, 1.9008543491363525, 1.9429817199707031, 1.9960978031158447]
val_per_step_RMSE_pers: [1.6896604299545288, 1.7392163276672363, 1.804409146308899, 1.8914588689804077, 1.976127028465271, 2.0575320720672607, 2.150118827819824, 2.230977773666382, 2.3029332160949707, 2.385500431060791, 2.449411153793335, 2.5241971015930176]
val_per_step_SS: [0.09822187952658612, 0.11155114285487122, 0.12681910676596497, 0.1462444601768974, 0.159990179137242, 0.17347360895211594, 0.18439704279720726, 0.19086735534094468, 0.19686698756274068, 0.20316327576974058, 0.20675558410777162, 0.20921476304044961]
val_per_step_Bias: [-1.8676578505960606e-08, -1.8071714791290105e-08, -1.7801632168357173e-08, -1.5321178992167006e-08, -1.333271271164449e-08, -1.4288032978981846e-08, -1.6220342402561982e-08, -1.4501676304234934e-08, -1.4664919056883718e-08, -1.618573008954627e-08, -8.19547718577951e-09, -1.5097867844815482e-08]
val_per_step_R2: [0.8736672401428223, 0.8700863122940063, 0.8649396896362305, 0.8581398725509644, 0.8501129150390625, 0.8426990509033203, 0.8327394723892212, 0.822780430316925, 0.8139642477035522, 0.8035153150558472, 0.7947240471839905, 0.783378005027771]
val_Shape_RMSE: 1.7458184957504272
val_Shape_SS: 0.1756184246434075
val_Shape_Mass_Error: 5.475758868556113e-08
