Delta t: 1
Lead time (steps): 12
Lead time (hours): 12
Best trial parameters:
{'seq_len': 12, 'batch_size': 128, 'lr': 0.00047341949684867184, 'dropout': 0.28404432767731824, 'head_dim': 16, 'nhead': 8, 'num_encoder_layers': 4, 'num_decoder_layers': 4, 'weight_decay': 0.0013864494031436483}
val_RMSE: 2.0706162452697754
val_MAPE: 16685.212890625
val_CC: nan
val_Bias: -0.44945478439331055
val_R2: 0.17736107110977173
val_overall_SS: 0.17475329431855713
val_per_step_RMSE: [1.9800891876220703, 1.9878629446029663, 2.0020484924316406, 2.0173351764678955, 2.0367000102996826, 2.0567879676818848, 2.077462911605835, 2.0964596271514893, 2.1166319847106934, 2.136842727661133, 2.1542670726776123, 2.1731576919555664]
val_per_step_RMSE_pers: [2.227203845977783, 2.313920736312866, 2.305443048477173, 2.405679702758789, 2.3651764392852783, 2.505155563354492, 2.5169975757598877, 2.592071056365967, 2.6500637531280518, 2.683872938156128, 2.7219409942626953, 2.7514092922210693]
val_per_step_SS: [0.11095286980668129, 0.14091139190422708, 0.13159924130241918, 0.1614281925584471, 0.13888030657233186, 0.17897794541438672, 0.1746265742911398, 0.19120287154061089, 0.20129016435461689, 0.20382120282892946, 0.20855482274657144, 0.21016560564084985]
val_per_step_Bias: [-0.41748660802841187, -0.41703614592552185, -0.4258482754230499, -0.4322509467601776, -0.43733474612236023, -0.44283756613731384, -0.4499363601207733, -0.4589846730232239, -0.46900084614753723, -0.477878600358963, -0.48286452889442444, -0.48199841380119324]
val_per_step_R2: [0.24752968549728394, 0.24162906408309937, 0.23078781366348267, 0.21903544664382935, 0.2040051817893982, 0.18826907873153687, 0.17190003395080566, 0.15672802925109863, 0.14046216011047363, 0.12406080961227417, 0.10979223251342773, 0.09425288438796997]
val_Hs_RMSE: 0.39130207896232605
val_Hs_Bias: -0.17105534672737122
val_Tm02_RMSE: 0.6537558436393738
val_Tm02_Bias: 0.1544857770204544
val_Shape_RMSE: 2.3968634605407715
val_Shape_masked_samples: 0
val_SI_mean: 1.1139755249023438
val_SI_per_bin: [0.0, 6.841100215911865, 6.061892032623291, 6.20197868347168, 4.410867214202881, 2.29372501373291, 1.3481316566467285, 0.8982528448104858, 0.7198314666748047, 0.6776883006095886, 0.6209047436714172, 0.5807166695594788, 0.5514570474624634, 0.5477927923202515, 0.5844199061393738, 0.6254321336746216, 0.5439512729644775, 0.5050911903381348, 0.5118281245231628, 0.4876597225666046, 0.4651165008544922, 0.44319242238998413, 0.4322414696216583, 0.42936378717422485, 0.43839412927627563, 0.40712881088256836, 0.4207877516746521, 0.4199325442314148, 0.4242808222770691, 0.42475736141204834, 0.42445990443229675, 0.4467718303203583, 0.4611436128616333, 0.49661824107170105, 0.5186920166015625, 0.5492937564849854, 0.5843418836593628, 0.6400220394134521, 0.6792250275611877, 0.7238262891769409, 0.7994118928909302, 0.892706036567688, 0.9755173921585083, 1.032078504562378, 1.0828688144683838, 1.1783676147460938, 1.5535863637924194]
