Lead time (hours): 12
Best trial parameters:
{'seq_len': 12, 'batch_size': 64, 'lr': 0.008042583473342071, 'dropout': 0.16997066934550387, 'head_dim': 8, 'nhead': 4, 'num_encoder_layers': 3, 'num_decoder_layers': 2, 'weight_decay': 1.3569383949142518e-05}
val_RMSE: 1.732774257659912
val_CC: 0.9140777587890625
val_Bias: -1.5264767228018172e-08
val_R2: 0.8352810740470886
val_overall_SS: 0.1785097212975595
val_per_step_RMSE: [1.456808090209961, 1.4882491827011108, 1.5353819131851196, 1.5797024965286255, 1.6358401775360107, 1.6897412538528442, 1.7500965595245361, 1.8067091703414917, 1.8566349744796753, 1.9079440832138062, 1.9602046012878418, 2.012974500656128]
val_per_step_RMSE_pers: [1.6835864782333374, 1.7330890893936157, 1.7982491254806519, 1.8842177391052246, 1.9694658517837524, 2.0507166385650635, 2.1431939601898193, 2.222522020339966, 2.293802261352539, 2.374636173248291, 2.4388198852539062, 2.510503053665161]
val_per_step_SS: [0.13469957792803444, 0.14127369919463928, 0.14617953017231178, 0.16161361622739367, 0.16939906520622117, 0.17602401907891208, 0.18341662395804215, 0.18709054227272393, 0.19058630041418145, 0.19653203943073583, 0.19624872130162896, 0.19817882805706044]
val_per_step_Bias: [-1.7363641191536772e-08, -1.5619313842307747e-08, -1.7923319717283448e-08, -1.3963736833488838e-08, -1.637522650810297e-08, -1.3285022859577111e-08, -1.4424924366096548e-08, -1.520393944076659e-08, -1.3014488153828552e-08, -1.358606738222079e-08, -1.972375152092809e-08, -1.2693776696437453e-08]
val_per_step_R2: [0.8835961818695068, 0.8785206079483032, 0.8707077503204346, 0.8631367087364197, 0.8532315492630005, 0.8433904647827148, 0.8319905400276184, 0.8209159970283508, 0.8108512163162231, 0.8002272844314575, 0.7891139984130859, 0.7775759696960449]
val_Shape_RMSE: 1.732774257659912
val_Shape_SS: 0.1785097212975595
val_Shape_Mass_Error: 5.417876991486992e-08
