Lead time (hours): 24
Best trial parameters:
{'seq_len': 12, 'batch_size': 64, 'lr': 0.0060647655552383255, 'dropout': 0.18281384326574784, 'head_dim': 8, 'nhead': 4, 'num_encoder_layers': 2, 'num_decoder_layers': 2, 'weight_decay': 1.5275761782295364e-06}
val_RMSE: 0.445987343788147
val_CC: 0.8391960263252258
val_Bias: 0.010131297633051872
val_R2: 0.6926097869873047
val_overall_SS: 0.10280370469893296
val_per_step_RMSE: [0.2186071276664734, 0.23463670909404755, 0.2484315186738968, 0.27176782488822937, 0.2953425347805023, 0.31810808181762695, 0.337985634803772, 0.36028048396110535, 0.3806113004684448, 0.4001043438911438, 0.41839271783828735, 0.4375234544277191, 0.4548649489879608, 0.47031980752944946, 0.4865356385707855, 0.5018079280853271, 0.5159440636634827, 0.5301074385643005, 0.5435985326766968, 0.5557358860969543, 0.5670365691184998, 0.5782056450843811, 0.5899689197540283, 0.5994243025779724]
val_per_step_RMSE_pers: [0.20034238696098328, 0.21995562314987183, 0.23402462899684906, 0.26343294978141785, 0.29087308049201965, 0.3185878396034241, 0.3440128266811371, 0.37274080514907837, 0.3986760377883911, 0.42429548501968384, 0.4478859603404999, 0.472239226102829, 0.4960610568523407, 0.5169446468353271, 0.5389012098312378, 0.5612495541572571, 0.5809485912322998, 0.601611852645874, 0.6225549578666687, 0.6418454647064209, 0.6602151989936829, 0.6778708696365356, 0.6981106400489807, 0.715025782585144]
val_per_step_SS: [-0.0911676304877369, -0.06674567230396478, -0.06156142513206042, -0.03163945555682135, -0.0153656511662148, 0.0015058885687361245, 0.017520253344947667, 0.03342891632964495, 0.045311821147210996, 0.057014844566205425, 0.06584989286065279, 0.07351310470670347, 0.08304644618906754, 0.09019309821914079, 0.09717100334002049, 0.1059094401619336, 0.11189376917315608, 0.11885472961860521, 0.1268264338630195, 0.13415936287538144, 0.14113372430263404, 0.14702685867825172, 0.15490627715882543, 0.16167456170492145]
val_per_step_Bias: [-0.010853631421923637, -0.005827685818076134, -0.001991773024201393, 0.0008274363935925066, 0.0034739982802420855, 0.006274258717894554, 0.009022559970617294, 0.010793352499604225, 0.012991011142730713, 0.014651165343821049, 0.01567751169204712, 0.016465118154883385, 0.01752519980072975, 0.01877518557012081, 0.017583465203642845, 0.015279794111847878, 0.01244833692908287, 0.010637120343744755, 0.011105083860456944, 0.01299948338419199, 0.014676372520625591, 0.013988089747726917, 0.012707505375146866, 0.013922207057476044]
val_per_step_R2: [0.9262313842773438, 0.9150012731552124, 0.904699444770813, 0.8859330415725708, 0.8652522563934326, 0.84365314245224, 0.8234867453575134, 0.7994121313095093, 0.7761416435241699, 0.7526003122329712, 0.7294396162033081, 0.7041064500808716, 0.680179238319397, 0.6580770611763, 0.6340484619140625, 0.6107097268104553, 0.5884671211242676, 0.5655463933944702, 0.5431516766548157, 0.5225247144699097, 0.5029029250144958, 0.4831539988517761, 0.4618734121322632, 0.4444759488105774]
