Delta t: 1
Lead time (steps): 24
Lead time (hours): 24
Best trial parameters:
{'seq_len': 24, 'batch_size': 128, 'lr': 0.008963956844366235, 'dropout': 0.1440966814892646, 'head_dim': 16, 'nhead': 8, 'num_encoder_layers': 4, 'num_decoder_layers': 1, 'weight_decay': 1.9581648239025277e-06}
val_RMSE: 2.10302472114563
val_MAPE: 74005.2265625
val_CC: nan
val_Bias: 0.009567156434059143
val_R2: 0.15602010488510132
val_overall_SS: 0.22857249803638857
val_per_step_RMSE: [1.8261421918869019, 1.8512052297592163, 1.8657793998718262, 1.887757420539856, 1.904212474822998, 1.9271893501281738, 1.9642022848129272, 1.9879177808761597, 2.0146288871765137, 2.0445172786712646, 2.0653998851776123, 2.106733560562134, 2.142381429672241, 2.1618263721466064, 2.1830923557281494, 2.20640230178833, 2.2242543697357178, 2.2378880977630615, 2.2562403678894043, 2.2690088748931885, 2.2811856269836426, 2.295433282852173, 2.3053596019744873, 2.316518783569336]
val_per_step_RMSE_pers: [2.2363436222076416, 2.323493480682373, 2.314929485321045, 2.4156405925750732, 2.3748011589050293, 2.5155627727508545, 2.5273728370666504, 2.6028881072998047, 2.6573448181152344, 2.6912615299224854, 2.7296881675720215, 2.759608507156372, 2.7970120906829834, 2.840035915374756, 2.8610472679138184, 2.8738961219787598, 2.8895747661590576, 2.915825843811035, 2.9487457275390625, 2.9389760494232178, 2.98130464553833, 2.9767160415649414, 2.9900617599487305, 3.0102760791778564]
val_per_step_SS: [0.18342504534960646, 0.2032664411799654, 0.19402322545774153, 0.21852719881333582, 0.19815919422028994, 0.23389335738152706, 0.22282844224414344, 0.23626460342223687, 0.24186395629099333, 0.24031267272261292, 0.24335683844256628, 0.23658245178660897, 0.23404641802992432, 0.2388031572265017, 0.23696040250324535, 0.23226094189195712, 0.23024854875366707, 0.23250282505278064, 0.23484743129330554, 0.2279593856035378, 0.23483645644951123, 0.2288705906777052, 0.22899264729099889, 0.23046301314595508]
val_per_step_Bias: [-0.044650204479694366, -0.028864264488220215, -0.02778533846139908, -0.027984555810689926, -0.027129366993904114, -0.024415798485279083, -0.020075971260666847, -0.013846839778125286, -0.006670086644589901, -0.0005788641865365207, 0.005280004348605871, 0.011626600287854671, 0.019142838194966316, 0.02625962533056736, 0.03168420493602753, 0.033747944980859756, 0.034542832523584366, 0.03571014106273651, 0.03860515356063843, 0.039242926985025406, 0.04195070266723633, 0.044415537267923355, 0.044930871576070786, 0.04447368159890175]
val_per_step_R2: [0.3646925687789917, 0.34716397523880005, 0.3368864059448242, 0.3212176561355591, 0.3093677759170532, 0.29263997077941895, 0.2652813196182251, 0.2474898099899292, 0.22444021701812744, 0.20131301879882812, 0.18498575687408447, 0.15207231044769287, 0.1231873631477356, 0.10722607374191284, 0.08958959579467773, 0.07008647918701172, 0.05500608682632446, 0.0434306263923645, 0.027704238891601562, 0.016717851161956787, 0.0061972737312316895, -0.0061473846435546875, -0.014788031578063965, -0.024474382400512695]
val_Hs_RMSE: 0.522485613822937
val_Hs_Bias: 0.1105334460735321
val_Tm02_RMSE: 0.771256685256958
val_Tm02_Bias: 0.05009615421295166
val_Shape_RMSE: 3.634035110473633
val_Shape_masked_samples: 0
val_SI_mean: 1.08769690990448
val_SI_per_bin: [0.0, 6.785504341125488, 5.988203048706055, 6.329667568206787, 4.67667293548584, 2.7173593044281006, 1.7071590423583984, 1.14333176612854, 0.8712051510810852, 0.7757793664932251, 0.6982893347740173, 0.6522006392478943, 0.6367326378822327, 0.6648195385932922, 0.7564452886581421, 0.7849622368812561, 0.6616519093513489, 0.6247267127037048, 0.6150426864624023, 0.5644254684448242, 0.5376947522163391, 0.5230185389518738, 0.5303813815116882, 0.501759946346283, 0.5038758516311646, 0.4769046902656555, 0.4843508005142212, 0.4739623963832855, 0.4659246504306793, 0.45674997568130493, 0.4468070864677429, 0.4435712695121765, 0.42788219451904297, 0.42825865745544434, 0.41217702627182007, 0.4139541685581207, 0.4003257751464844, 0.4193168878555298, 0.4136804938316345, 0.42267629504203796, 0.432949423789978, 0.45638689398765564, 0.4695054888725281, 0.47792941331863403, 0.5130518078804016, 0.6820343136787415, 1.2524503469467163]
