Lead time (hours): 12
Best trial parameters:
{'seq_len': 12, 'batch_size': 32, 'lr': 0.00015420404388622567, 'dropout': 0.2680226241622632, 'head_dim': 32, 'nhead': 8, 'num_encoder_layers': 4, 'num_decoder_layers': 2, 'weight_decay': 0.0010738896383212977}
val_RMSE: 1.3777276277542114
val_CC: 0.8914251327514648
val_Bias: -0.0012720742961391807
val_R2: 0.794564425945282
val_overall_SS: 0.18997223094434412
val_per_step_RMSE: [1.1126567125320435, 1.1620919704437256, 1.2170222997665405, 1.2640252113342285, 1.3131359815597534, 1.361061692237854, 1.4070528745651245, 1.44853675365448, 1.482975959777832, 1.5227130651474, 1.5564595460891724, 1.585850477218628]
val_per_step_RMSE_pers: [1.3772631883621216, 1.4417486190795898, 1.5067071914672852, 1.563072919845581, 1.6283448934555054, 1.6875717639923096, 1.7448722124099731, 1.7885384559631348, 1.8345762491226196, 1.8709352016448975, 1.9067668914794922, 1.944413423538208]
val_per_step_SS: [0.19212484444948774, 0.1939704640150074, 0.19226356211829, 0.19132038225119785, 0.19357625842203996, 0.1934792218744088, 0.1936069217230878, 0.1901003029457159, 0.19165204472310127, 0.1861219652029349, 0.18371797148130176, 0.18440674291741443]
val_per_step_Bias: [0.0025206240825355053, 0.009252090938389301, 0.005548542365431786, 0.001543140970170498, -0.00108153757173568, -0.0013574740150943398, -0.0013091927394270897, -0.003207094967365265, -0.005776779260486364, -0.007238166406750679, -0.007495681755244732, -0.006663355976343155]
val_per_step_R2: [0.865922212600708, 0.8537502288818359, 0.8395860195159912, 0.8269579410552979, 0.8132913708686829, 0.7995056509971619, 0.7857770919799805, 0.7729926705360413, 0.7620640993118286, 0.7492077350616455, 0.7379696369171143, 0.7280330657958984]
