Lead time (hours): 24
Best trial parameters:
{'seq_len': 12, 'batch_size': 64, 'lr': 0.00018776779902389927, 'dropout': 0.16137700477488295, 'head_dim': 32, 'nhead': 8, 'num_encoder_layers': 2, 'num_decoder_layers': 2, 'weight_decay': 0.00015911194191893228}
val_RMSE: 2.6762278079986572
val_CC: 0.8668494820594788
val_Bias: 0.010411296039819717
val_R2: 0.750544011592865
val_overall_SS: 0.18350272843133908
val_per_step_RMSE: [1.8926820755004883, 1.921042561531067, 1.9780504703521729, 2.043895959854126, 2.123089075088501, 2.1906285285949707, 2.275226354598999, 2.350454092025757, 2.4152414798736572, 2.492410659790039, 2.5632340908050537, 2.636172294616699, 2.7046258449554443, 2.7576656341552734, 2.824921131134033, 2.894242525100708, 2.948749542236328, 3.0078628063201904, 3.06588077545166, 3.1256489753723145, 3.1890528202056885, 3.2503373622894287, 3.2940807342529297, 3.3441226482391357]
val_per_step_RMSE_pers: [2.1443002223968506, 2.2149887084960938, 2.3029253482818604, 2.4225051403045654, 2.5412840843200684, 2.6540942192077637, 2.7851054668426514, 2.894186019897461, 2.9908454418182373, 3.100731372833252, 3.18904709815979, 3.2846076488494873, 3.3672916889190674, 3.4315805435180664, 3.4993598461151123, 3.5757155418395996, 3.6532206535339355, 3.703071355819702, 3.7782199382781982, 3.8383283615112305, 3.9096648693084717, 3.967113733291626, 4.022572994232178, 4.073314666748047]
val_per_step_SS: [0.1173427789020649, 0.13270774060270807, 0.14107052066280235, 0.1562882877527515, 0.16456051167670116, 0.17462292305174287, 0.18307353826053818, 0.18787041473269506, 0.1924552682985352, 0.19618620251110885, 0.19623824549842994, 0.19741638075400514, 0.1967949037929485, 0.19638615524725334, 0.19273202661047317, 0.19058367724304326, 0.19283563138080329, 0.18773836167292057, 0.1885382996393703, 0.18567441839663745, 0.18431555470641725, 0.18067956181520106, 0.18110106666151415, 0.17901686419209684]
val_per_step_Bias: [-0.005761713720858097, -0.007406788878142834, -0.008421864360570908, -0.010588869452476501, -0.013486260548233986, -0.015886636450886726, -0.016898345202207565, -0.01661943830549717, -0.015965135768055916, -0.01533230859786272, -0.013632605783641338, -0.009593500755727291, -0.00265162019059062, 0.00598030723631382, 0.013889849185943604, 0.01979091390967369, 0.02400854043662548, 0.02846495620906353, 0.035075441002845764, 0.04381229355931282, 0.05234965682029724, 0.05800182372331619, 0.06010948494076729, 0.060632940381765366]
val_per_step_R2: [0.8755003809928894, 0.8717427253723145, 0.8640193343162537, 0.8548086881637573, 0.8433283567428589, 0.8331769108772278, 0.8200253844261169, 0.8078719973564148, 0.7970882654190063, 0.7838759422302246, 0.7713772058486938, 0.7581039667129517, 0.7452754974365234, 0.7350863814353943, 0.7219259142875671, 0.7079960107803345, 0.6967859268188477, 0.6844213008880615, 0.6719962358474731, 0.6589176654815674, 0.6448554992675781, 0.6309822797775269, 0.6208971738815308, 0.6092740893363953]
