Lead time (hours): 24
Best trial parameters:
{'seq_len': 12, 'batch_size': 128, 'lr': 0.007993316213893546, 'dropout': 0.20764167486928015, 'head_dim': 8, 'nhead': 4, 'num_encoder_layers': 2, 'num_decoder_layers': 2, 'weight_decay': 3.0855124788302592e-06}
val_RMSE: 0.2891741394996643
val_CC: 0.8400354385375977
val_Bias: 0.03363911807537079
val_R2: 0.7008252143859863
val_overall_SS: 0.05842842295969308
val_per_step_RMSE: [0.08635284751653671, 0.10874077677726746, 0.1311579793691635, 0.15119294822216034, 0.16910691559314728, 0.1866062581539154, 0.20404654741287231, 0.22089439630508423, 0.2367946356534958, 0.25109243392944336, 0.26499179005622864, 0.2791445553302765, 0.2922973036766052, 0.3051803410053253, 0.31775954365730286, 0.32934895157814026, 0.34067264199256897, 0.3517405390739441, 0.3624531626701355, 0.3728947639465332, 0.3824182450771332, 0.39192768931388855, 0.40064528584480286, 0.40973538160324097]
val_per_step_RMSE_pers: [0.07814345508813858, 0.103704534471035, 0.12874926626682281, 0.15128104388713837, 0.17109736800193787, 0.18956759572029114, 0.20813505351543427, 0.22597528994083405, 0.24335001409053802, 0.25937098264694214, 0.2755250930786133, 0.2918969690799713, 0.3068160116672516, 0.32182207703590393, 0.3368905484676361, 0.35068878531455994, 0.36392247676849365, 0.37669724225997925, 0.38904622197151184, 0.40135452151298523, 0.41308581829071045, 0.4246079623699188, 0.43533340096473694, 0.44584983587265015]
val_per_step_SS: [-0.10505540635666422, -0.04856337605603045, -0.01870855789848802, 0.0005823311547463739, 0.0116334484395344, 0.015621538877062191, 0.01964352488207266, 0.022484288601112623, 0.026938064752292656, 0.031917790621812214, 0.03822992274383974, 0.0436880649699416, 0.047320568153373266, 0.051710983236000874, 0.05678700366439959, 0.06085120092243135, 0.0638867788062315, 0.06625135622524991, 0.06835449825631168, 0.07090927357481203, 0.074240198660112, 0.07696575653840232, 0.07968172219972591, 0.0810013851383915]
val_per_step_Bias: [0.006365166045725346, 0.013443730771541595, 0.016966260969638824, 0.018753424286842346, 0.02145603485405445, 0.026380445808172226, 0.030689029023051262, 0.03314455226063728, 0.03359725698828697, 0.03332068398594856, 0.03472386673092842, 0.03815216198563576, 0.04181468114256859, 0.04459236562252045, 0.044740229845047, 0.04205528646707535, 0.04020562395453453, 0.03975483775138855, 0.040937960147857666, 0.04192569479346275, 0.04218478500843048, 0.0412207767367363, 0.040100689977407455, 0.04081328958272934]
val_per_step_R2: [0.9734038710594177, 0.9578062891960144, 0.9385732412338257, 0.918342113494873, 0.8977866768836975, 0.8755104541778564, 0.8510752320289612, 0.8254165649414062, 0.799332320690155, 0.7743207812309265, 0.7486042380332947, 0.7210228443145752, 0.6941072940826416, 0.666560173034668, 0.6384873390197754, 0.6116551160812378, 0.5844659805297852, 0.5569890737533569, 0.529598593711853, 0.5021212697029114, 0.47636574506759644, 0.4499906897544861, 0.42526328563690186, 0.39890122413635254]
