Delta t: 1
Lead time (steps): 48
Lead time (hours): 48
Best trial parameters:
{'seq_len': 24, 'batch_size': 32, 'lr': 0.0015805440834993567, 'dropout': 0.13854843081346532, 'head_dim': 8, 'nhead': 4, 'num_encoder_layers': 1, 'num_decoder_layers': 1, 'weight_decay': 1.3922196608600763e-06}
val_RMSE: 2.2356600761413574
val_CC: nan
val_Bias: -0.35097724199295044
val_R2: 0.05170285701751709
val_overall_SS: 0.2350859286971152
val_per_step_RMSE: [1.856846809387207, 1.9158909320831299, 1.9505128860473633, 1.9815107583999634, 2.000134229660034, 2.0175282955169678, 2.0443367958068848, 2.0681440830230713, 2.080275535583496, 2.0966529846191406, 2.115713357925415, 2.1371304988861084, 2.1596992015838623, 2.174776554107666, 2.187778949737549, 2.2013564109802246, 2.2155160903930664, 2.2260313034057617, 2.2369163036346436, 2.243802547454834, 2.2528507709503174, 2.2625999450683594, 2.2715485095977783, 2.2781968116760254, 2.285139560699463, 2.2933151721954346, 2.299938917160034, 2.3098182678222656, 2.3175206184387207, 2.3229124546051025, 2.3246610164642334, 2.3263535499572754, 2.331852436065674, 2.3367769718170166, 2.3441872596740723, 2.3485515117645264, 2.349400520324707, 2.3493661880493164, 2.3485352993011475, 2.350018262863159, 2.3530311584472656, 2.3548221588134766, 2.354487657546997, 2.3552494049072266, 2.3582897186279297, 2.3645684719085693, 2.3727304935455322, 2.380037546157837]
val_per_step_RMSE_pers: [2.244302749633789, 2.3319146633148193, 2.323330879211426, 2.424558639526367, 2.383413791656494, 2.5249996185302734, 2.5368387699127197, 2.6128644943237305, 2.6675379276275635, 2.701664686203003, 2.740077018737793, 2.7701022624969482, 2.807729959487915, 2.851046562194824, 2.8719866275787354, 2.8847897052764893, 2.9007506370544434, 2.9269797801971436, 2.960038185119629, 2.9501583576202393, 2.9926652908325195, 2.987957000732422, 3.001513957977295, 3.021606922149658, 2.999133348464966, 3.018498659133911, 3.041215419769287, 3.052501916885376, 3.0564842224121094, 3.040131092071533, 3.0850701332092285, 3.089484214782715, 3.0955350399017334, 3.0869662761688232, 3.095325469970703, 3.108445167541504, 3.107560873031616, 3.0928614139556885, 3.118417978286743, 3.1173148155212402, 3.132456064224243, 3.1394460201263428, 3.1480979919433594, 3.126413106918335, 3.1382153034210205, 3.137995958328247, 3.144043445587158, 3.1700334548950195]
val_per_step_SS: [0.17263978325108076, 0.17840435491765005, 0.16046702452067552, 0.1827334154363668, 0.16081117065705874, 0.20097877215074178, 0.19414003757234422, 0.20847633410918442, 0.22015146849903, 0.2239403374791722, 0.2278635441787651, 0.22850122617505253, 0.23080238030520683, 0.23720061855690788, 0.23823498036897772, 0.236909225322808, 0.2362266297240896, 0.2394784144167098, 0.24429478143903083, 0.2394297947908094, 0.24720924259337929, 0.24276020554722155, 0.24319908506153898, 0.24603137655799034, 0.2380667028796647, 0.2402464167887195, 0.24374350392629784, 0.24330325394878327, 0.24176915377309394, 0.23591701007133903, 0.24648033396698943, 0.24700908364379226, 0.24670455801408164, 0.24301830251377177, 0.24266857155533317, 0.24446101340690018, 0.2439728081552518, 0.24039073414397227, 0.24688245268793918, 0.2461402194086011, 0.2488222946456563, 0.24992430393222376, 0.2520920048954566, 0.24666084603618954, 0.24852519963906905, 0.24647179177111422, 0.24532515704393565, 0.24920743581343197]
val_per_step_Bias: [-0.1548454761505127, -0.18269002437591553, -0.21286775171756744, -0.23175786435604095, -0.23617027699947357, -0.23229864239692688, -0.22892162203788757, -0.2326831966638565, -0.2420281618833542, -0.25043734908103943, -0.25209829211235046, -0.2512102425098419, -0.25547394156455994, -0.2708050310611725, -0.2951093018054962, -0.3165436089038849, -0.32377442717552185, -0.31668445467948914, -0.30433669686317444, -0.29938989877700806, -0.3089469075202942, -0.3268992006778717, -0.3415101170539856, -0.3498789668083191, -0.3578891158103943, -0.3718697428703308, -0.3950047791004181, -0.41935962438583374, -0.4317439794540405, -0.4280163645744324, -0.41642865538597107, -0.4098701775074005, -0.41793254017829895, -0.4370075464248657, -0.4554383456707001, -0.46257027983665466, -0.45887136459350586, -0.4523839056491852, -0.4510585069656372, -0.45628225803375244, -0.4618171453475952, -0.4583151340484619, -0.4433489441871643, -0.4276669919490814, -0.4258430600166321, -0.44257956743240356, -0.4667432904243469, -0.4815044403076172]
val_per_step_R2: [0.3464846611022949, 0.30431658029556274, 0.2790493369102478, 0.25608766078948975, 0.2421470284461975, 0.22903329133987427, 0.20851844549179077, 0.19014281034469604, 0.1778242588043213, 0.16494661569595337, 0.149827778339386, 0.13271737098693848, 0.11442464590072632, 0.10221171379089355, 0.0915406346321106, 0.08030074834823608, 0.06851303577423096, 0.059802889823913574, 0.050662994384765625, 0.044893503189086914, 0.03726303577423096, 0.028982579708099365, 0.02144777774810791, 0.015770792961120605, 0.009830474853515625, 0.002777099609375, -0.0029178857803344727, -0.011493563652038574, -0.018197059631347656, -0.02291262149810791, -0.024373412132263184, -0.026564598083496094, -0.03136575222015381, -0.03712451457977295, -0.043648719787597656, -0.047518014907836914, -0.0482327938079834, -0.04819810390472412, -0.04746067523956299, -0.048746585845947266, -0.051416993141174316, -0.052986741065979004, -0.05267369747161865, -0.05331826210021973, -0.05598163604736328, -0.061510324478149414, -0.06877779960632324, -0.0752100944519043]
val_Hs_RMSE: 0.7106714844703674
val_Hs_Bias: -0.2235085666179657
val_Tm02_RMSE: 1.101741909980774
val_Tm02_Bias: 0.289008766412735
val_Shape_RMSE: 4.309062957763672
val_Shape_masked_samples: 0
val_SI_mean: 1.1887309551239014
val_SI_per_bin: [0.0, 6.7928595542907715, 5.9932098388671875, 6.192894458770752, 4.890503883361816, 3.04526686668396, 2.0167603492736816, 1.4225550889968872, 1.1067867279052734, 0.9828597903251648, 0.8714044094085693, 0.7798846364021301, 0.7345483899116516, 0.7642418742179871, 0.9053969383239746, 0.9367889165878296, 0.836037278175354, 0.7504957318305969, 0.7260269522666931, 0.687787652015686, 0.655974268913269, 0.6344629526138306, 0.6149185299873352, 0.603050172328949, 0.5863057374954224, 0.5532907247543335, 0.5490130186080933, 0.5314457416534424, 0.5311591625213623, 0.5196039080619812, 0.50350022315979, 0.5104334950447083, 0.5026633739471436, 0.5123403072357178, 0.5063811540603638, 0.5102403163909912, 0.5057207942008972, 0.5309105515480042, 0.5250243544578552, 0.5323677659034729, 0.5389719009399414, 0.5397835969924927, 0.5318127274513245, 0.5181975364685059, 0.5291754007339478, 0.6638388633728027, 1.193457841873169]
