Lead time (hours): 24
Best trial parameters:
{'seq_len': 12, 'batch_size': 128, 'lr': 0.00035223187258093556, 'dropout': 0.28985777849079697, 'head_dim': 16, 'nhead': 4, 'num_encoder_layers': 2, 'num_decoder_layers': 4, 'weight_decay': 0.0019826472001197707}
val_RMSE: 1.5422557592391968
val_CC: 0.8618752360343933
val_Bias: -0.04082002863287926
val_R2: 0.7424932718276978
val_overall_SS: 0.1961043426865099
val_per_step_RMSE: [1.1482354402542114, 1.199914574623108, 1.2520556449890137, 1.2934750318527222, 1.339004397392273, 1.3800599575042725, 1.4207470417022705, 1.45491361618042, 1.485294222831726, 1.5148992538452148, 1.5428462028503418, 1.56864595413208, 1.5903130769729614, 1.6092522144317627, 1.626140832901001, 1.643519401550293, 1.6584923267364502, 1.6770190000534058, 1.6939724683761597, 1.7073256969451904, 1.7205123901367188, 1.7322816848754883, 1.7448279857635498, 1.7590655088424683]
val_per_step_RMSE_pers: [1.376098394393921, 1.440155267715454, 1.5052449703216553, 1.5611183643341064, 1.6266025304794312, 1.6852444410324097, 1.742355227470398, 1.7859846353530884, 1.83157217502594, 1.8683971166610718, 1.9038180112838745, 1.9421377182006836, 1.9710144996643066, 2.002753257751465, 2.0298023223876953, 2.057577133178711, 2.0801663398742676, 2.103501558303833, 2.133432149887085, 2.1563808917999268, 2.179535150527954, 2.200017213821411, 2.2100396156311035, 2.2431464195251465]
val_per_step_SS: [0.16558623646971682, 0.166815827763797, 0.16820473100703182, 0.17144333100939935, 0.17680910222264956, 0.18109211702319927, 0.18458244375060506, 0.18537170623935173, 0.18906050054473533, 0.1891984630374387, 0.18960415664420827, 0.19230961870954721, 0.19314998583530685, 0.19648004156113297, 0.19886738971303353, 0.2012355818655256, 0.20271167985696026, 0.2027488672717329, 0.2059871843283998, 0.2082448404928644, 0.21060580751819724, 0.212605395088464, 0.21049922660988452, 0.21580441939459027]
val_per_step_Bias: [-0.05288408324122429, -0.04584354907274246, -0.04469738155603409, -0.04181717708706856, -0.038592927157878876, -0.03417795151472092, -0.029266376048326492, -0.029090506955981255, -0.032357051968574524, -0.0349300317466259, -0.037899937480688095, -0.041132524609565735, -0.042276132851839066, -0.043268848210573196, -0.04411937668919563, -0.041434332728385925, -0.03732789307832718, -0.03477039188146591, -0.03342761844396591, -0.03622249513864517, -0.04421046003699303, -0.05126490443944931, -0.05415942892432213, -0.05450930446386337]
val_per_step_R2: [0.8572344779968262, 0.8440988063812256, 0.8302246332168579, 0.8187850713729858, 0.8057594895362854, 0.7936567068099976, 0.7812778353691101, 0.7706292271614075, 0.760942816734314, 0.7513846755027771, 0.7421531677246094, 0.7335313558578491, 0.726133406162262, 0.7195931077003479, 0.7136802673339844, 0.7075312733650208, 0.7022703886032104, 0.6957047581672668, 0.6896179914474487, 0.6847542524337769, 0.6798509359359741, 0.6755209565162659, 0.6707743406295776, 0.6654512882232666]
