Delta t: 1
Lead time (steps): 12
Lead time (hours): 12
Best trial parameters:
{'seq_len': 12, 'batch_size': 32, 'lr': 0.0007858892890347092, 'dropout': 0.2952398996095135, 'head_dim': 8, 'nhead': 8, 'num_encoder_layers': 3, 'num_decoder_layers': 1, 'weight_decay': 1.8876943652777243e-06}
val_RMSE: 1.9558964967727661
val_MAPE: 65687.046875
val_CC: nan
val_Bias: -0.141750767827034
val_R2: 0.26599037647247314
val_overall_SS: 0.22047499419415428
val_per_step_RMSE: [1.7610116004943848, 1.8009724617004395, 1.820508599281311, 1.8495084047317505, 1.8802040815353394, 1.916500210762024, 1.9619137048721313, 1.997592568397522, 2.045865535736084, 2.086590528488159, 2.1295340061187744, 2.1690592765808105]
val_per_step_RMSE_pers: [2.227203845977783, 2.313920736312866, 2.305443048477173, 2.405679702758789, 2.3651764392852783, 2.505155563354492, 2.5169975757598877, 2.592071056365967, 2.6500637531280518, 2.683872938156128, 2.7219409942626953, 2.7514092922210693]
val_per_step_SS: [0.20931727750260398, 0.2216792764603458, 0.21034327849312018, 0.23119091763929822, 0.20504701031796613, 0.23497756434903305, 0.22053413012135115, 0.22934498130691372, 0.22799384229107367, 0.2225449652166891, 0.21764137774940595, 0.21165517514486476]
val_per_step_Bias: [-0.13647469878196716, -0.13463108241558075, -0.1335236132144928, -0.13549263775348663, -0.14182153344154358, -0.14870089292526245, -0.1512889713048935, -0.14933905005455017, -0.14551539719104767, -0.14271961152553558, -0.14156584441661835, -0.1399356871843338]
val_per_step_R2: [0.40482550859451294, 0.3775234818458557, 0.36396288871765137, 0.3435710072517395, 0.3216308355331421, 0.2952246069908142, 0.2614567279815674, 0.2343883514404297, 0.19697606563568115, 0.16477537155151367, 0.130115807056427, 0.09766608476638794]
val_Hs_RMSE: 0.37902364134788513
val_Hs_Bias: -0.09886385500431061
val_Tm02_RMSE: 0.6560035347938538
val_Tm02_Bias: -0.07380586117506027
val_Shape_RMSE: 2.6020455360412598
val_Shape_masked_samples: 0
val_SI_mean: 0.9975938200950623
val_SI_per_bin: [0.0, 6.777835845947266, 5.984131336212158, 5.762478828430176, 4.039055824279785, 2.370861768722534, 1.3826639652252197, 0.9136194586753845, 0.756623387336731, 0.745279848575592, 0.6739463806152344, 0.6050604581832886, 0.5577133893966675, 0.5491812825202942, 0.6005464196205139, 0.6405738592147827, 0.5735438466072083, 0.5932945609092712, 0.5638145804405212, 0.5083510875701904, 0.464619904756546, 0.45176827907562256, 0.4343441426753998, 0.42550238966941833, 0.4362800717353821, 0.4036850333213806, 0.41793006658554077, 0.41205406188964844, 0.3995792865753174, 0.39286288619041443, 0.3871527314186096, 0.3861527740955353, 0.3775632381439209, 0.3895406424999237, 0.38671576976776123, 0.38994166254997253, 0.38721421360969543, 0.4157229959964752, 0.4180840849876404, 0.42896896600723267, 0.44312071800231934, 0.45609721541404724, 0.4481002986431122, 0.4444834291934967, 0.48056063055992126, 0.6258089542388916, 1.184477686882019]
