Delta t: 1
Lead time (steps): 6
Lead time (hours): 6
Best trial parameters:
{'seq_len': 12, 'batch_size': 32, 'lr': 0.00015420404388622567, 'dropout': 0.2680226241622632, 'head_dim': 32, 'nhead': 8, 'num_encoder_layers': 4, 'num_decoder_layers': 2, 'weight_decay': 0.0010738896383212977}
val_RMSE: 1.9845701456069946
val_MAPE: 20891.1875
val_CC: nan
val_Bias: -0.3664029538631439
val_R2: 0.24290186166763306
val_overall_SS: 0.15660822964226706
val_per_step_RMSE: [1.9349428415298462, 1.9522910118103027, 1.9710540771484375, 1.993324637413025, 2.0164990425109863, 2.037400484085083]
val_per_step_RMSE_pers: [2.2249953746795654, 2.311570405960083, 2.303210496902466, 2.403317928314209, 2.3629605770111084, 2.5027408599853516]
val_per_step_SS: [0.13036096004985687, 0.15542654172394021, 0.1442145301963228, 0.17059469580405084, 0.14662180057966046, 0.18593230459464838]
val_per_step_Bias: [-0.3435199558734894, -0.3458351790904999, -0.35497304797172546, -0.3763532340526581, -0.39088043570518494, -0.3868558406829834]
val_per_step_R2: [0.2801591753959656, 0.2672308087348938, 0.2531275153160095, 0.23622697591781616, 0.21842676401138306, 0.2022644281387329]
val_Hs_RMSE: 0.31070244312286377
val_Hs_Bias: -0.11361733824014664
val_Tm02_RMSE: 0.5937690734863281
val_Tm02_Bias: 0.09295815229415894
val_Shape_RMSE: 2.160485029220581
val_Shape_masked_samples: 0
val_SI_mean: 1.0570695400238037
val_SI_per_bin: [0.0, 6.842772006988525, 6.052093505859375, 6.149782180786133, 4.036736488342285, 1.939447045326233, 1.151024341583252, 0.8026827573776245, 0.6522637009620667, 0.6244082450866699, 0.5800873041152954, 0.5409976840019226, 0.5071380734443665, 0.4939277470111847, 0.5164515972137451, 0.5621818900108337, 0.489170104265213, 0.47550278902053833, 0.467040479183197, 0.4339165985584259, 0.4168663024902344, 0.40881288051605225, 0.39229851961135864, 0.39827752113342285, 0.41512611508369446, 0.38269367814064026, 0.40249359607696533, 0.4030948579311371, 0.4076210558414459, 0.40846148133277893, 0.4113888144493103, 0.42911821603775024, 0.4414837956428528, 0.47524842619895935, 0.4953593909740448, 0.5210310220718384, 0.5499642491340637, 0.6014819741249084, 0.6335111856460571, 0.6674845814704895, 0.7249323129653931, 0.802514374256134, 0.8878647685050964, 0.9605423212051392, 1.0290558338165283, 1.1524516344070435, 1.5454620122909546]
