Lead time (hours): 24
Best trial parameters:
{'seq_len': 48, 'batch_size': 32, 'lr': 0.008419704106319228, 'dropout': 0.26719602410244114, 'head_dim': 8, 'nhead': 8, 'num_encoder_layers': 3, 'num_decoder_layers': 3, 'weight_decay': 0.00043731009905162676}
val_RMSE: 2.0164899826049805
val_CC: 0.8820629715919495
val_Bias: -1.3733605364052437e-08
val_R2: 0.7772037386894226
val_overall_SS: 0.19906149977646415
val_per_step_RMSE: [1.5451630353927612, 1.5610203742980957, 1.5927478075027466, 1.6261236667633057, 1.6761113405227661, 1.7214645147323608, 1.7750316858291626, 1.8251885175704956, 1.8655415773391724, 1.9161862134933472, 1.957472562789917, 2.0052566528320312, 2.0472872257232666, 2.0828123092651367, 2.121309518814087, 2.160311460494995, 2.1913671493530273, 2.226175546646118, 2.259992837905884, 2.293618679046631, 2.3252828121185303, 2.359140396118164, 2.3831536769866943, 2.4186813831329346]
val_per_step_RMSE_pers: [1.686943531036377, 1.735360860824585, 1.800602674484253, 1.8878840208053589, 1.973214030265808, 2.054375410079956, 2.1460206508636475, 2.22757887840271, 2.299633741378784, 2.3806490898132324, 2.4458138942718506, 2.518385410308838, 2.579317569732666, 2.628181219100952, 2.681293487548828, 2.737030029296875, 2.7976906299591064, 2.8364343643188477, 2.8932273387908936, 2.939682722091675, 2.993168592453003, 3.0364315509796143, 3.07877516746521, 3.117332935333252]
val_per_step_SS: [0.08404578637941285, 0.10046353496969418, 0.11543627582417215, 0.13865277271131726, 0.15056789845702634, 0.16204968853995305, 0.172872970670242, 0.18064022995259732, 0.1887657831022015, 0.1950992602426439, 0.19966414150546763, 0.2037530694771139, 0.20626787110380584, 0.20750810707884715, 0.2088484424905923, 0.21070962416515215, 0.2167228478064216, 0.21514998737482838, 0.2188678685545825, 0.21977339193440215, 0.22313670603736946, 0.22305497209148095, 0.22594098387873796, 0.2241183622966565]
val_per_step_Bias: [-1.4061093622785847e-08, -1.5476805614866862e-08, -1.3124474840253697e-08, -1.4547710591727991e-08, -1.2440711572025975e-08, -1.140936056742703e-08, -1.2400549920243975e-08, -1.4015261839972482e-08, -1.680475136822679e-08, -1.3260636144707405e-08, -1.3165795564873406e-08, -1.0525972093944347e-08, -1.490804812931401e-08, -1.1372108588147967e-08, -1.4107982337918656e-08, -1.3176046032015165e-08, -1.416244010954415e-08, -1.3361623807384149e-08, -1.1001134225807618e-08, -1.5313331047650536e-08, -1.5794753949194273e-08, -1.619493517068804e-08, -1.4333471298755285e-08, -1.4647511648036016e-08]
val_per_step_R2: [0.8693839907646179, 0.8666667938232422, 0.8611724376678467, 0.8552665710449219, 0.8462176322937012, 0.8377602100372314, 0.827458381652832, 0.8175264596939087, 0.8093518018722534, 0.7988333106040955, 0.7900483012199402, 0.779667854309082, 0.770307719707489, 0.7622398734092712, 0.7533522844314575, 0.7441836595535278, 0.7367401719093323, 0.7283079624176025, 0.7199571132659912, 0.7115192413330078, 0.7034303545951843, 0.6947402954101562, 0.6884703040122986, 0.6791454553604126]
val_Shape_RMSE: 2.0164899826049805
val_Shape_SS: 0.19906149977646415
val_Shape_Mass_Error: 5.4427154339009576e-08
