Lead time (hours): 12
Best trial parameters:
{'seq_len': 48, 'batch_size': 64, 'lr': 0.002234923802949509, 'dropout': 0.21486375412139364, 'head_dim': 16, 'nhead': 8, 'num_encoder_layers': 3, 'num_decoder_layers': 4, 'weight_decay': 0.0006487503391880206}
val_RMSE: 2.241838216781616
val_CC: 0.9080964922904968
val_Bias: 4.578801599564031e-05
val_R2: 0.8245065212249756
val_overall_SS: 0.17971726749076877
val_per_step_RMSE: [1.8637346029281616, 1.901691198348999, 1.9623667001724243, 2.0269429683685303, 2.1059048175811768, 2.176379680633545, 2.261676549911499, 2.3400790691375732, 2.408478260040283, 2.488548994064331, 2.564127206802368, 2.632439136505127]
val_per_step_RMSE_pers: [2.14249324798584, 2.211024761199951, 2.299280881881714, 2.4205739498138428, 2.5386199951171875, 2.6505696773529053, 2.7798242568969727, 2.8909902572631836, 2.9874427318573, 3.097397565841675, 3.1861929893493652, 3.2834830284118652]
val_per_step_SS: [0.1301094625711141, 0.1399050649632132, 0.14653024098280742, 0.16261886214035526, 0.17045291472071455, 0.1789011625579784, 0.18639585063692665, 0.19056141290740358, 0.19379935409073867, 0.19656778273857056, 0.1952379484313741, 0.1982784397766877]
val_per_step_Bias: [-0.007000739686191082, -0.0006187934195622802, -0.003299422562122345, -0.007342442404478788, -0.0077317082323133945, -0.002429281361401081, 0.0052310568280518055, 0.010612442158162594, 0.010888573713600636, 0.006439386401325464, 6.616907194256783e-05, -0.004265777766704559]
val_per_step_R2: [0.8788759708404541, 0.8738623857498169, 0.8656522035598755, 0.8566264510154724, 0.8452081680297852, 0.8346377611160278, 0.8213508129119873, 0.8086900115013123, 0.7973067760467529, 0.7835536003112793, 0.7701665759086609, 0.7577486634254456]
