Lead time (hours): 12
Best trial parameters:
{'seq_len': 12, 'batch_size': 128, 'lr': 0.00015623790892394513, 'dropout': 0.14331018034830195, 'head_dim': 32, 'nhead': 4, 'num_encoder_layers': 3, 'num_decoder_layers': 1, 'weight_decay': 0.0003078655280772583}
val_RMSE: 0.3221589922904968
val_CC: 0.9164345860481262
val_Bias: -0.016490530222654343
val_R2: 0.8389764428138733
val_overall_SS: 0.06169173497843472
val_per_step_RMSE: [0.20476149022579193, 0.22318138182163239, 0.23933087289333344, 0.2608955502510071, 0.2828882336616516, 0.3037421405315399, 0.3246093690395355, 0.34523478150367737, 0.36663785576820374, 0.3880864977836609, 0.4071435332298279, 0.42510032653808594]
val_per_step_RMSE_pers: [0.20005562901496887, 0.21968021988868713, 0.23369044065475464, 0.263055682182312, 0.290520042181015, 0.318151593208313, 0.3435160219669342, 0.3722200393676758, 0.3980870544910431, 0.42369765043258667, 0.44719168543815613, 0.4715427756309509]
val_per_step_SS: [-0.023522763313353012, -0.015937538366992188, -0.024136341318778065, 0.008211690822963691, 0.02626947339697905, 0.04529115360217084, 0.05503863493510819, 0.07249813285131224, 0.07900080740642867, 0.08404850159675781, 0.08955477821348412, 0.09849042651692064]
val_per_step_Bias: [-0.00022673406056128442, 0.009103395976126194, 0.007254432886838913, 0.0015943384496495128, -0.004034798126667738, -0.01010105200111866, -0.01599440909922123, -0.022104376927018166, -0.029712488874793053, -0.03966150060296059, -0.047923024743795395, -0.04608013480901718]
val_per_step_R2: [0.9350207448005676, 0.9227874279022217, 0.9111875891685486, 0.8944337964057922, 0.875852108001709, 0.8568456172943115, 0.8364638686180115, 0.8149964213371277, 0.7913464307785034, 0.7662099003791809, 0.7426533699035645, 0.7194768786430359]
