Lead time (hours): 12
Best trial parameters:
{'seq_len': 96, 'batch_size': 128, 'lr': 0.0024198608614538677, 'dropout': 0.2303922519005201, 'head_dim': 16, 'nhead': 8, 'num_encoder_layers': 3, 'num_decoder_layers': 4, 'weight_decay': 0.00042702329684055453}
val_RMSE: 0.1966480165719986
val_CC: 0.9310569167137146
val_Bias: 0.02191072143614292
val_R2: 0.8648198843002319
val_overall_SS: 0.047922518031238925
val_per_step_RMSE: [0.0820595920085907, 0.1037520170211792, 0.12446021288633347, 0.1443144679069519, 0.1625976413488388, 0.17999987304210663, 0.19808964431285858, 0.216406911611557, 0.23333285748958588, 0.24899613857269287, 0.2646735906600952, 0.2807583212852478]
val_per_step_RMSE_pers: [0.07861307263374329, 0.10479055345058441, 0.12995381653308868, 0.15279196202754974, 0.17270003259181976, 0.1914280205965042, 0.20994362235069275, 0.22793476283550262, 0.24533283710479736, 0.2614304721355438, 0.2775990068912506, 0.29401662945747375]
val_per_step_SS: [-0.04384155534671286, 0.009910592083044456, 0.04227350756840942, 0.05548390116928581, 0.05849675354062134, 0.059699450053271264, 0.05646267271712169, 0.05057522196500197, 0.048913059323100416, 0.04756267875461784, 0.04656146423542118, 0.045093735673014446]
val_per_step_Bias: [0.008330713026225567, 0.00846298411488533, 0.00871797651052475, 0.012381201609969139, 0.01736537180840969, 0.021396387368440628, 0.023706743493676186, 0.024950949475169182, 0.027402328327298164, 0.03228573873639107, 0.03749483823776245, 0.04043341428041458]
val_per_step_R2: [0.976445734500885, 0.9623538851737976, 0.9458341598510742, 0.9271864295005798, 0.9075742363929749, 0.8867356181144714, 0.8628348112106323, 0.8363087177276611, 0.809723436832428, 0.7833398580551147, 0.7552241683006287, 0.7245874404907227]
