Lead time (hours): 12
Best trial parameters:
{'seq_len': 48, 'batch_size': 128, 'lr': 0.006444386561121071, 'freq_embed_dropout': 0.11496331406447668, 'embed_dropout': 0.06087620968456226, 'head_dim': 32, 'nhead': 8, 'num_encoder_layers': 4, 'num_decoder_layers': 3, 'weight_decay': 0.003203446187121794}
val_RMSE: 1.1548798084259033
val_CC: 0.9617039561271667
val_Bias: 0.0549858994781971
val_R2: 0.9246137142181396
val_overall_SS: 0.18669279681898077
val_per_step_RMSE: [1.0825046300888062, 1.1000670194625854, 1.1123849153518677, 1.1266547441482544, 1.139027714729309, 1.1494532823562622, 1.1622309684753418, 1.1722556352615356, 1.1843290328979492, 1.1960173845291138, 1.20557701587677, 1.2190780639648438]
val_per_step_RMSE_pers: [1.3138738870620728, 1.3384859561920166, 1.3475083112716675, 1.3716706037521362, 1.3939299583435059, 1.4162846803665161, 1.4294753074645996, 1.451826810836792, 1.4669560194015503, 1.4802687168121338, 1.4975180625915527, 1.5149996280670166]
val_per_step_SS: [0.17609700539115425, 0.17812584108669427, 0.1744875292812923, 0.1786258733938405, 0.18286589084943194, 0.18840237539051918, 0.1869527494415122, 0.1925651003883303, 0.1926622085227202, 0.19202684556840188, 0.19494993349833767, 0.19532781303698288]
val_per_step_Bias: [0.04686465859413147, 0.04839206486940384, 0.04971529170870781, 0.04935767501592636, 0.04980293661355972, 0.05127571150660515, 0.05470458045601845, 0.0573672279715538, 0.05707714706659317, 0.06084632873535156, 0.0665053278207779, 0.06792180985212326]
val_per_step_R2: [0.9337940216064453, 0.9316214323043823, 0.9300811290740967, 0.9282716512680054, 0.9266797304153442, 0.9253212809562683, 0.9236441850662231, 0.9223171472549438, 0.9206994771957397, 0.919127345085144, 0.9178241491317749, 0.9159654378890991]
val_Shape_RMSE: 2.183645248413086
val_Shape_SS: 0.13158175695061947
val_Shape_Mass_Error: 4.892731197969624e-08
