Lead time (hours): 24
Best trial parameters:
{'seq_len': 96, 'batch_size': 64, 'lr': 0.0013526642086140203, 'dropout': 0.2393619244750257, 'head_dim': 32, 'nhead': 8, 'num_encoder_layers': 2, 'num_decoder_layers': 4, 'weight_decay': 0.0009708780549383983}
val_RMSE: 2.692964792251587
val_CC: 0.8681836724281311
val_Bias: 0.01135309785604477
val_R2: 0.7499257326126099
val_overall_SS: 0.18306738024661495
val_per_step_RMSE: [1.8855724334716797, 1.9178732633590698, 1.976080298423767, 2.0450186729431152, 2.1239426136016846, 2.194697856903076, 2.2851269245147705, 2.3689544200897217, 2.4332964420318604, 2.520214796066284, 2.588409185409546, 2.6652660369873047, 2.741497755050659, 2.7969820499420166, 2.8660988807678223, 2.923689126968384, 2.977684736251831, 3.0360524654388428, 3.091865301132202, 3.142331600189209, 3.196950674057007, 3.255801200866699, 3.2979254722595215, 3.3428707122802734]
val_per_step_RMSE_pers: [2.1506845951080322, 2.2216439247131348, 2.3098394870758057, 2.4312033653259277, 2.549436569213867, 2.6625616550445557, 2.794135093688965, 2.9054112434387207, 3.003080129623413, 3.1153457164764404, 3.203249216079712, 3.303169012069702, 3.387799024581909, 3.4521872997283936, 3.5219192504882812, 3.5984065532684326, 3.677992820739746, 3.7274162769317627, 3.8041505813598633, 3.8655052185058594, 3.938201904296875, 3.99440336227417, 4.05008602142334, 4.09940767288208]
val_per_step_SS: [0.12326873137947758, 0.13673238000697552, 0.14449453761593134, 0.15884507972085682, 0.16689725123986354, 0.17571942315591194, 0.18217020727590338, 0.18464058214150492, 0.18973309502167823, 0.1910320633959267, 0.19194261488734132, 0.19311847887635025, 0.19077320255472074, 0.18979423562502717, 0.1862110750067696, 0.18750450131522878, 0.19040496233134674, 0.1854807083854929, 0.18723898147403029, 0.18708385513347725, 0.18822072820367775, 0.18490925788399992, 0.18571470956053504, 0.18454787153918872]
val_per_step_Bias: [-0.0032089126762002707, 0.0024606846272945404, 0.006732233799993992, 0.012291943654417992, 0.01715875044465065, 0.020186422392725945, 0.02182580530643463, 0.021761858835816383, 0.019597966223955154, 0.016202984377741814, 0.01297609694302082, 0.010628062300384045, 0.009839928708970547, 0.010121092200279236, 0.010202018544077873, 0.009773988276720047, 0.009166920557618141, 0.008150758221745491, 0.006799117662012577, 0.006075741723179817, 0.006435478571802378, 0.008365681394934654, 0.012009838595986366, 0.01691986620426178]
val_per_step_R2: [0.8773518204689026, 0.8731215596199036, 0.8653138875961304, 0.8557620048522949, 0.8444252610206604, 0.8338960409164429, 0.8199318647384644, 0.8064806461334229, 0.7958359122276306, 0.7810037136077881, 0.7689980268478394, 0.7550858855247498, 0.7408751249313354, 0.7302860021591187, 0.7167984247207642, 0.705313503742218, 0.6943302154541016, 0.6822340488433838, 0.6703813076019287, 0.6595252752304077, 0.64760822057724, 0.6344003081321716, 0.6248847246170044, 0.6144974827766418]
