Lead time (hours): 12
Best trial parameters:
{'seq_len': 24, 'batch_size': 32, 'lr': 0.00012315571723666037, 'dropout': 0.16506606615265287, 'head_dim': 32, 'nhead': 4, 'num_encoder_layers': 3, 'num_decoder_layers': 1, 'weight_decay': 0.0016172900811143157}
val_RMSE: 0.3296072781085968
val_CC: 0.9131302833557129
val_Bias: -0.024477817118167877
val_R2: 0.8320448994636536
val_overall_SS: 0.040365726681128034
val_per_step_RMSE: [0.20421552658081055, 0.22302086651325226, 0.2410212606191635, 0.2646871507167816, 0.2890705466270447, 0.3111741244792938, 0.33325016498565674, 0.3555927276611328, 0.3772697448730469, 0.3987368941307068, 0.4175472855567932, 0.43650463223457336]
val_per_step_RMSE_pers: [0.20021703839302063, 0.21963413059711456, 0.23368439078330994, 0.2631774842739105, 0.2907121479511261, 0.31817302107810974, 0.34359440207481384, 0.37229445576667786, 0.3981649875640869, 0.42390888929367065, 0.44748204946517944, 0.4718002378940582]
val_per_step_SS: [-0.019970768821087947, -0.015419898113878006, -0.031396490845025715, -0.005736305470949166, 0.0056468274052221545, 0.021997140345528354, 0.030105953492527426, 0.044861608457613555, 0.05247885510695949, 0.05938067306138872, 0.06689601056436478, 0.07481048720329475]
val_per_step_Bias: [-0.010011873207986355, -0.0022266379091888666, -0.005376176908612251, -0.01692235842347145, -0.026108097285032272, -0.028350019827485085, -0.026357155293226242, -0.027571948245167732, -0.032704390585422516, -0.03777582198381424, -0.041696831583976746, -0.038632508367300034]
val_per_step_R2: [0.9355356693267822, 0.9231165647506714, 0.9101940393447876, 0.8916910886764526, 0.8708164691925049, 0.8502997159957886, 0.8283055424690247, 0.8045121431350708, 0.7799491882324219, 0.7542071342468262, 0.7304511070251465, 0.7054141163825989]
