Lead time (hours): 12
Best trial parameters:
{'seq_len': 12, 'batch_size': 32, 'lr': 0.005966152329366946, 'freq_embed_dropout': 0.29493484962049055, 'embed_dropout': 0.06578289021763611, 'num_encoder_layers': 1, 'num_decoder_layers': 4, 'weight_decay': 0.005430995865847791, 'wasserstein_loss_weight': 4.421624791741743, 'kl_loss_weight': 0.5701590825056811, 'peak_loss_weight': 2.5719191393832506}
val_RMSE: 2.6098363399505615
val_CC: 0.8474753499031067
val_Bias: 0.8091414570808411
val_R2: 0.6151322722434998
val_overall_SS: -0.8319708195333066
val_per_step_RMSE: [2.6058740615844727, 2.604966640472412, 2.6060359477996826, 2.6071035861968994, 2.6085572242736816, 2.6094143390655518, 2.611436605453491, 2.612230062484741, 2.611645221710205, 2.6125335693359375, 2.6134896278381348, 2.6147263050079346]
val_per_step_RMSE_pers: [1.3209367990493774, 1.343022346496582, 1.350810170173645, 1.3754656314849854, 1.4003647565841675, 1.4193320274353027, 1.4336748123168945, 1.4580415487289429, 1.470151662826538, 1.485092043876648, 1.5028399229049683, 1.5187616348266602]
val_per_step_SS: [-0.9727469652293814, -0.9396301537854133, -0.9292392116537587, -0.8954334637807042, -0.8627698333658378, -0.8384805589011457, -0.8214985595187176, -0.7916019366951303, -0.7764461230408108, -0.7591728271038634, -0.7390339370185857, -0.7216172999434236]
val_per_step_Bias: [0.8086904287338257, 0.8087666630744934, 0.8088484406471252, 0.8089147210121155, 0.8090103268623352, 0.8092861175537109, 0.8097901940345764, 0.809777557849884, 0.8088957071304321, 0.809057354927063, 0.809299886226654, 0.8093600273132324]
val_per_step_R2: [0.6163628101348877, 0.616603672504425, 0.616287112236023, 0.6159489154815674, 0.6155074238777161, 0.6152305006980896, 0.6146441698074341, 0.6144145727157593, 0.6145738959312439, 0.6143081188201904, 0.6140297651290894, 0.6136749386787415]
val_Shape_RMSE: 2.798821210861206
val_Shape_SS: -0.11484911544143594
val_Shape_Mass_Error: 5.491554944114796e-08
