Lead time (hours): 12
Best trial parameters:
{'seq_len': 24, 'batch_size': 32, 'lr': 0.00015887171005162472, 'dropout': 0.1626773134342281, 'head_dim': 32, 'nhead': 4, 'num_encoder_layers': 4, 'num_decoder_layers': 1, 'weight_decay': 0.0011882258216741799}
val_RMSE: 2.234257459640503
val_CC: 0.9088103771209717
val_Bias: -0.05105050280690193
val_R2: 0.8258454203605652
val_overall_SS: 0.18206863300364373
val_per_step_RMSE: [1.8593209981918335, 1.8911947011947632, 1.9533188343048096, 2.022873640060425, 2.1005544662475586, 2.1781320571899414, 2.2572021484375, 2.3320446014404297, 2.4021413326263428, 2.476369619369507, 2.549443244934082, 2.62095046043396]
val_per_step_RMSE_pers: [2.1421589851379395, 2.2132973670959473, 2.3004939556121826, 2.419879674911499, 2.537997245788574, 2.6502413749694824, 2.7806451320648193, 2.8892159461975098, 2.9848439693450928, 3.0943970680236816, 3.1823320388793945, 3.27828311920166]
val_per_step_SS: [0.13203407819326407, 0.145530677752449, 0.15091329427770073, 0.16406023777425782, 0.1723574681835791, 0.17813823383727734, 0.18824515850342505, 0.19284517153879477, 0.19522046803893778, 0.19972467497485524, 0.1988757886396335, 0.20051125386869462]
val_per_step_Bias: [-0.04171522706747055, -0.03571038693189621, -0.04088392108678818, -0.046783335506916046, -0.050131671130657196, -0.05077516287565231, -0.05086556077003479, -0.05186488479375839, -0.05438181012868881, -0.0583932064473629, -0.0632721558213234, -0.06782875210046768]
val_per_step_R2: [0.8796170353889465, 0.8754070401191711, 0.8670482039451599, 0.857354998588562, 0.8461344242095947, 0.8345144987106323, 0.8222092390060425, 0.8101316690444946, 0.798498272895813, 0.7857991456985474, 0.7729198932647705, 0.7599921822547913]
