Lead time (hours): 24
Best trial parameters:
{'seq_len': 24, 'batch_size': 128, 'lr': 0.004577734743094783, 'freq_embed_dropout': 0.22394504151363365, 'embed_dropout': 0.21180945806069731, 'num_encoder_layers': 2, 'num_decoder_layers': 4, 'weight_decay': 0.004439181605321403, 'wasserstein_loss_weight': 3.203022654326641, 'kl_loss_weight': 7.965693232112541, 'peak_loss_weight': 0.20487943330956043}
val_RMSE: 3.176332473754883
val_CC: 0.7559238076210022
val_Bias: 1.0969927310943604
val_R2: 0.4300295114517212
val_overall_SS: -1.084660750806246
val_per_step_RMSE: [3.1468448638916016, 3.151946783065796, 3.1562142372131348, 3.160390615463257, 3.1642022132873535, 3.168055534362793, 3.1712398529052734, 3.172881841659546, 3.173574686050415, 3.1747093200683594, 3.1763968467712402, 3.1792421340942383, 3.181718349456787, 3.1835343837738037, 3.184572219848633, 3.184898853302002, 3.1853890419006348, 3.1862752437591553, 3.1873605251312256, 3.18831205368042, 3.1887097358703613, 3.188664436340332, 3.1882665157318115, 3.1880054473876953]
val_per_step_RMSE_pers: [1.3199799060821533, 1.34306800365448, 1.3498804569244385, 1.3755240440368652, 1.3999700546264648, 1.4191755056381226, 1.4324954748153687, 1.4576236009597778, 1.470739483833313, 1.483630657196045, 1.5033621788024902, 1.5188770294189453, 1.53622567653656, 1.563299298286438, 1.5684670209884644, 1.5863425731658936, 1.601403832435608, 1.615247130393982, 1.6239992380142212, 1.6392971277236938, 1.6477293968200684, 1.6582459211349487, 1.671054482460022, 1.6850210428237915]
val_per_step_SS: [-1.3840096727167506, -1.3468259049350948, -1.3381435156148855, -1.297590237818159, -1.2601927825746353, -1.232321176469501, -1.2137869952531668, -1.1767497724174811, -1.1578088580166885, -1.1398245612343514, -1.1128620179213322, -1.0931530812013626, -1.071126917127183, -1.036420272985049, -1.0303724447082616, -1.0076992871381116, -0.9891229041558565, -0.9726239928263962, -0.9626613427655526, -0.944926273437487, -0.9352144484550746, -0.9229140839121879, -0.9079369040309475, -0.8919677359311626]
val_per_step_Bias: [1.02452552318573, 1.040476679801941, 1.0535296201705933, 1.0641331672668457, 1.0732848644256592, 1.0822746753692627, 1.0892266035079956, 1.092841386795044, 1.0944746732711792, 1.0965012311935425, 1.0996809005737305, 1.105128288269043, 1.109804391860962, 1.1130791902542114, 1.1150407791137695, 1.115649700164795, 1.116025447845459, 1.117201566696167, 1.1187540292739868, 1.1202443838119507, 1.1211432218551636, 1.121710181236267, 1.1216890811920166, 1.1214075088500977]
val_per_step_R2: [0.4406352639198303, 0.4388344883918762, 0.43726372718811035, 0.4358193874359131, 0.434471070766449, 0.4331340193748474, 0.43197381496429443, 0.43137043714523315, 0.4311249852180481, 0.43072545528411865, 0.43011409044265747, 0.4290745258331299, 0.4281456470489502, 0.4274895191192627, 0.42709875106811523, 0.42691224813461304, 0.42672860622406006, 0.42638105154037476, 0.42593735456466675, 0.4255629777908325, 0.4253917932510376, 0.42540186643600464, 0.4255070686340332, 0.42559492588043213]
val_Shape_RMSE: 3.051779270172119
val_Shape_SS: 0.01850142477318728
val_Shape_Mass_Error: 5.143158432474593e-08
