Lead time (hours): 24
Best trial parameters:
{'seq_len': 48, 'batch_size': 64, 'lr': 0.0048040340806206625, 'dropout': 0.20900876010823366, 'head_dim': 8, 'nhead': 4, 'num_encoder_layers': 2, 'num_decoder_layers': 1, 'weight_decay': 0.00026962809382512063}
val_RMSE: 2.0447182655334473
val_CC: 0.8784223198890686
val_Bias: -1.462010068564723e-08
val_R2: 0.7709223031997681
val_overall_SS: 0.18784938427495068
val_per_step_RMSE: [1.4943606853485107, 1.52897310256958, 1.5629521608352661, 1.6046688556671143, 1.659001111984253, 1.708870768547058, 1.7661373615264893, 1.820604681968689, 1.8640837669372559, 1.9177831411361694, 1.9712679386138916, 2.026535987854004, 2.0748305320739746, 2.1197991371154785, 2.1643011569976807, 2.2004354000091553, 2.2399275302886963, 2.28361177444458, 2.324378728866577, 2.3593027591705322, 2.3979663848876953, 2.431750535964966, 2.465176820755005, 2.496788263320923]
val_per_step_RMSE_pers: [1.686943531036377, 1.735360860824585, 1.800602674484253, 1.8878840208053589, 1.973214030265808, 2.054375410079956, 2.1460206508636475, 2.22757887840271, 2.299633741378784, 2.3806490898132324, 2.4458138942718506, 2.518385410308838, 2.579317569732666, 2.628181219100952, 2.681293487548828, 2.737030029296875, 2.7976906299591064, 2.8364343643188477, 2.8932273387908936, 2.939682722091675, 2.993168592453003, 3.0364315509796143, 3.07877516746521, 3.117332935333252]
val_per_step_SS: [0.1141608134147517, 0.11893074398193837, 0.1319838724093071, 0.15001724789080362, 0.15923914662173166, 0.16817989537727718, 0.1770175367064979, 0.18269799573869305, 0.18939971466081684, 0.1944284651852558, 0.1940237385883513, 0.19530347517162472, 0.19558934641420644, 0.19343494211536183, 0.19281452513569075, 0.19604996055727142, 0.19936553874027274, 0.1949005402094064, 0.19661386518006685, 0.19742945677762946, 0.19885355240799163, 0.19914198784410808, 0.19929949844807515, 0.19906268752329825]
val_per_step_Bias: [-1.5545769116442898e-08, -1.5907453132513183e-08, -1.5430735800237017e-08, -9.508622333953554e-09, -1.5099171690735602e-08, -1.5949035869766703e-08, -1.437622376698755e-08, -1.5334922665033446e-08, -1.3610660154483867e-08, -1.3234071616352594e-08, -1.465605681261195e-08, -1.404055804954396e-08, -1.4305038043005425e-08, -1.4930526148759782e-08, -1.3453430369736452e-08, -1.4199419418048365e-08, -1.1042931902238706e-08, -1.4182185203992503e-08, -1.474008470836452e-08, -1.5961354904447944e-08, -1.2078651856484157e-08, -1.977433683464369e-08, -1.7027319998419443e-08, -1.6493837406983403e-08]
val_per_step_R2: [0.8778316378593445, 0.8720851540565491, 0.8663179874420166, 0.8590605854988098, 0.8493412733078003, 0.840125322341919, 0.8291832208633423, 0.8184418678283691, 0.809649646282196, 0.7984978556632996, 0.7870786190032959, 0.774966835975647, 0.7640857696533203, 0.7537205219268799, 0.7432535886764526, 0.7345927953720093, 0.724943220615387, 0.7141075730323792, 0.7037732601165771, 0.694759726524353, 0.6846003532409668, 0.6756605505943298, 0.6666568517684937, 0.658087968826294]
val_Shape_RMSE: 2.0447182655334473
val_Shape_SS: 0.18784938427495068
val_Shape_Mass_Error: 5.2895920532591845e-08
