Lead time (hours): 48
Best trial parameters:
{'seq_len': 48, 'batch_size': 64, 'lr': 0.004549988371488724, 'dropout': 0.1554316183387608, 'head_dim': 32, 'nhead': 8, 'num_encoder_layers': 3, 'num_decoder_layers': 1, 'weight_decay': 0.001042570617081327}
val_RMSE: 3.2638320922851562
val_CC: 0.7960153818130493
val_Bias: -0.03213348984718323
val_R2: 0.630379319190979
val_overall_SS: 0.17758890006369865
val_per_step_RMSE: [1.894834280014038, 1.9137557744979858, 1.970163106918335, 2.0371127128601074, 2.1179065704345703, 2.194624900817871, 2.2879011631011963, 2.3670177459716797, 2.4342660903930664, 2.5126290321350098, 2.5870237350463867, 2.6579363346099854, 2.729501962661743, 2.7846667766571045, 2.851562738418579, 2.910454511642456, 2.970026731491089, 3.0240893363952637, 3.081320285797119, 3.139596700668335, 3.189504623413086, 3.2446093559265137, 3.2822673320770264, 3.3335039615631104, 3.382174491882324, 3.424647569656372, 3.4703378677368164, 3.502311944961548, 3.545236825942993, 3.5864243507385254, 3.6189768314361572, 3.6465871334075928, 3.6788129806518555, 3.709594964981079, 3.728046178817749, 3.7532224655151367, 3.7900915145874023, 3.8142406940460205, 3.834897518157959, 3.8627734184265137, 3.876155376434326, 3.904273748397827, 3.921243667602539, 3.941464424133301, 3.9638729095458984, 3.9818613529205322, 4.010505199432373, 4.03000020980835]
val_per_step_RMSE_pers: [2.1482229232788086, 2.21718168258667, 2.3060266971588135, 2.4282896518707275, 2.547126293182373, 2.6599128246307373, 2.7909440994262695, 2.903540849685669, 3.001155138015747, 3.1118271350860596, 3.2001781463623047, 3.2974905967712402, 3.381458282470703, 3.446314811706543, 3.5155446529388428, 3.5922179222106934, 3.672943353652954, 3.7221932411193848, 3.7990543842315674, 3.860355854034424, 3.93314790725708, 3.9903860092163086, 4.0467352867126465, 4.097501277923584, 4.155295372009277, 4.203317642211914, 4.265409469604492, 4.298581600189209, 4.338925838470459, 4.37182092666626, 4.409945964813232, 4.434041976928711, 4.453508377075195, 4.482273101806641, 4.51022481918335, 4.532139301300049, 4.555501461029053, 4.582793235778809, 4.609802722930908, 4.6416144371032715, 4.675941467285156, 4.701742172241211, 4.7298359870910645, 4.755498886108398, 4.781559944152832, 4.811508655548096, 4.838512420654297, 4.843242168426514]
val_per_step_SS: [0.11795267638147455, 0.13685207237265873, 0.14564601123407894, 0.16109154799933434, 0.1685113627450081, 0.17492600490674348, 0.1802411364772527, 0.1847823507535884, 0.18889028442477873, 0.19255507357560164, 0.19160008701793707, 0.19395180771325893, 0.19280330122322265, 0.1919871141202577, 0.18887028329030142, 0.18978898979176406, 0.19137692974839215, 0.18755176303371568, 0.18892440745610017, 0.1867079566286175, 0.18907076504087028, 0.18689336108520027, 0.18890980023964787, 0.18645444248589238, 0.18605678078502363, 0.18525130357404584, 0.18639983043442687, 0.18524009296290012, 0.182922926566372, 0.17964975901394942, 0.1793602778102461, 0.17759300602439443, 0.17395170971523233, 0.1723853320124834, 0.17342342604270156, 0.17186515771072597, 0.16801881263555785, 0.16770395306786712, 0.16809942883635276, 0.16779528528931742, 0.1710427935093859, 0.16961126208739963, 0.17095567831429703, 0.17117751080817778, 0.17100842489841594, 0.17242976413871913, 0.1711284686771466, 0.1679127184512379]
val_per_step_Bias: [-0.0029616106767207384, 0.006507056765258312, 0.0097251757979393, 0.008346027694642544, 0.004317807033658028, 5.246180535323219e-06, -0.0043549248948693275, -0.007832273840904236, -0.009293605573475361, -0.01003197580575943, -0.013143613003194332, -0.01890290342271328, -0.02487705647945404, -0.029692165553569794, -0.03330851346254349, -0.034762706607580185, -0.033811066299676895, -0.03229544684290886, -0.03221791237592697, -0.0340748205780983, -0.03727305307984352, -0.040787387639284134, -0.04264798387885094, -0.04244367405772209, -0.041341666132211685, -0.04126705601811409, -0.042779065668582916, -0.045018114149570465, -0.046625565737485886, -0.04674868658185005, -0.045444704592227936, -0.04405093565583229, -0.04313834756612778, -0.043242424726486206, -0.044640909880399704, -0.046839389950037, -0.047469209879636765, -0.04506239667534828, -0.04123850539326668, -0.038139019161462784, -0.03680253028869629, -0.037969984114170074, -0.0422859713435173, -0.048041172325611115, -0.05242137610912323, -0.05469411611557007, -0.05573086440563202, -0.05560401454567909]
val_per_step_R2: [0.8756789565086365, 0.8731712698936462, 0.865575909614563, 0.8562549948692322, 0.8446043729782104, 0.8331182599067688, 0.8185840845108032, 0.8057711720466614, 0.7945501804351807, 0.7810765504837036, 0.7678989171981812, 0.7549932599067688, 0.7416008710861206, 0.731020987033844, 0.7179206609725952, 0.7061096429824829, 0.6939008235931396, 0.6826513409614563, 0.6704986095428467, 0.657875120639801, 0.6467969417572021, 0.6344823241233826, 0.6258823871612549, 0.6141282916069031, 0.6027913093566895, 0.592753529548645, 0.5818376541137695, 0.5741147994995117, 0.5636252164840698, 0.5534263849258423, 0.5452656745910645, 0.5382949113845825, 0.5300904512405396, 0.5222247838973999, 0.5174658894538879, 0.5109179019927979, 0.5012612342834473, 0.4948771595954895, 0.4894176125526428, 0.48200464248657227, 0.4784349203109741, 0.4708738327026367, 0.46628063917160034, 0.4607905149459839, 0.45468223094940186, 0.4497643709182739, 0.4418591260910034, 0.4364820122718811]
