Lead time (hours): 24
Best trial parameters:
{'seq_len': 12, 'batch_size': 64, 'lr': 0.0060826539606401225, 'dropout': 0.22622772519945258, 'head_dim': 8, 'nhead': 4, 'num_encoder_layers': 3, 'num_decoder_layers': 2, 'weight_decay': 1.2510188850164436e-06}
val_RMSE: 0.4653429687023163
val_CC: 0.8253701329231262
val_Bias: -0.09994478523731232
val_R2: 0.6653496623039246
val_overall_SS: 0.06386583973907245
val_per_step_RMSE: [0.2226751744747162, 0.23737668991088867, 0.24982139468193054, 0.2741255462169647, 0.29667147994041443, 0.32108455896377563, 0.34223175048828125, 0.365547239780426, 0.3898284137248993, 0.4120255708694458, 0.4324111044406891, 0.45259740948677063, 0.4712900221347809, 0.48824265599250793, 0.5072413086891174, 0.5225199460983276, 0.5388261675834656, 0.5553609132766724, 0.5710692405700684, 0.5871737003326416, 0.600651204586029, 0.6144486665725708, 0.627454936504364, 0.6369159817695618]
val_per_step_RMSE_pers: [0.20034238696098328, 0.21995562314987183, 0.23402462899684906, 0.26343294978141785, 0.29087308049201965, 0.3185878396034241, 0.3440128266811371, 0.37274080514907837, 0.3986760377883911, 0.42429548501968384, 0.4478859603404999, 0.472239226102829, 0.4960610568523407, 0.5169446468353271, 0.5389012098312378, 0.5612495541572571, 0.5809485912322998, 0.601611852645874, 0.6225549578666687, 0.6418454647064209, 0.6602151989936829, 0.6778708696365356, 0.6981106400489807, 0.715025782585144]
val_per_step_SS: [-0.11147310288402545, -0.07920264329476412, -0.06750044109799314, -0.04058944199812142, -0.01993446570781532, -0.007836831950207124, 0.005177354024961112, 0.019299108842605106, 0.022192515287783543, 0.028918323629271714, 0.03455088408675777, 0.04159293749939652, 0.04993545527387211, 0.055522367856073895, 0.05874898880266932, 0.06900603799513716, 0.07250628417823468, 0.07687837127176134, 0.08270067830321082, 0.0851790148564594, 0.09021905963153043, 0.09356089176390026, 0.101209893520115, 0.10924053749947271]
val_per_step_Bias: [-0.03604350611567497, -0.04109834134578705, -0.04317006841301918, -0.04612564295530319, -0.049366794526576996, -0.054535575211048126, -0.06215836480259895, -0.07140955328941345, -0.0811147689819336, -0.0903685986995697, -0.09778125584125519, -0.10383684188127518, -0.10848068445920944, -0.11198882013559341, -0.11610912531614304, -0.12122180312871933, -0.12614931166172028, -0.1316249519586563, -0.13832303881645203, -0.1452619731426239, -0.15187329053878784, -0.15760651230812073, -0.15886589884757996, -0.15415999293327332]
val_per_step_R2: [0.9234603047370911, 0.9130045175552368, 0.9036301374435425, 0.8839452862739563, 0.8640368580818176, 0.840713620185852, 0.8190237879753113, 0.7935047149658203, 0.7651681900024414, 0.737637996673584, 0.711005449295044, 0.6833664178848267, 0.6566648483276367, 0.631520688533783, 0.6022377610206604, 0.5779107809066772, 0.5511546730995178, 0.5231671333312988, 0.495811402797699, 0.4669753313064575, 0.4422190189361572, 0.416329562664032, 0.39131689071655273, 0.37281090021133423]
