Lead time (hours): 12
Best trial parameters:
{'seq_len': 12, 'batch_size': 128, 'lr': 0.00922228615199752, 'dropout': 0.2091131923326469, 'head_dim': 8, 'nhead': 8, 'num_encoder_layers': 1, 'num_decoder_layers': 1, 'weight_decay': 6.838536147946595e-05}
val_RMSE: 1.6951743364334106
val_CC: 0.9179204702377319
val_Bias: -1.3967247802781912e-08
val_R2: 0.842352032661438
val_overall_SS: 0.1963354534326054
val_per_step_RMSE: [1.4647935628890991, 1.5007472038269043, 1.53274667263031, 1.569182276725769, 1.6197755336761475, 1.6608871221542358, 1.707179307937622, 1.751846432685852, 1.7921693325042725, 1.8403314352035522, 1.8881422281265259, 1.9350637197494507]
val_per_step_RMSE_pers: [1.6835864782333374, 1.7330890893936157, 1.7982491254806519, 1.8842177391052246, 1.9694658517837524, 2.0507166385650635, 2.1431939601898193, 2.222522020339966, 2.293802261352539, 2.374636173248291, 2.4388198852539062, 2.510503053665161]
val_per_step_SS: [0.12995644605902723, 0.13406228623134697, 0.14764497815583588, 0.16719695173290283, 0.17755591841863583, 0.19009428659222316, 0.20344152715584363, 0.2117754439985784, 0.21869057211255827, 0.2250048845646352, 0.22579677181451596, 0.22921275999868185]
val_per_step_Bias: [-1.1158251211895731e-08, -1.614941247396473e-08, -1.2686035333331347e-08, -1.356965828591683e-08, -1.4740482612296546e-08, -1.1813868106003156e-08, -1.4968092543199418e-08, -1.3158344636110542e-08, -1.3536728182828028e-08, -1.707037000642231e-08, -1.1441754210750332e-08, -1.7313967148879783e-08]
val_per_step_R2: [0.882316529750824, 0.876471757888794, 0.8711512088775635, 0.8649535179138184, 0.8561000823974609, 0.848693311214447, 0.8401296138763428, 0.8316270112991333, 0.8237583637237549, 0.8141353130340576, 0.8043344020843506, 0.7944602966308594]
val_Shape_RMSE: 1.6951743364334106
val_Shape_SS: 0.1963354534326054
val_Shape_Mass_Error: 5.427776983424337e-08
