Delta t: 1
Lead time (steps): 6
Lead time (hours): 6
Best trial parameters:
{'seq_len': 24, 'batch_size': 32, 'lr': 0.0015782901567831086, 'dropout': 0.1103508041614838, 'head_dim': 32, 'nhead': 4, 'num_encoder_layers': 4, 'num_decoder_layers': 1, 'weight_decay': 1.199277161860646e-06}
val_RMSE: 1.8404922485351562
val_MAPE: 62924.9453125
val_CC: nan
val_Bias: -0.06507698446512222
val_R2: 0.35147231817245483
val_overall_SS: 0.21947179052405885
val_per_step_RMSE: [1.7587567567825317, 1.7945556640625, 1.8087222576141357, 1.8475422859191895, 1.89353346824646, 1.9340263605117798]
val_per_step_RMSE_pers: [2.229647397994995, 2.316460132598877, 2.307990312576294, 2.4083728790283203, 2.367891550064087, 2.507972240447998]
val_per_step_SS: [0.21119511615868525, 0.22530259044468992, 0.21632155570222056, 0.23286701074935, 0.2003293106074847, 0.22884857761970068]
val_per_step_Bias: [-0.08775129169225693, -0.07725681364536285, -0.06971675157546997, -0.06399480998516083, -0.054398372769355774, -0.03734384849667549]
val_per_step_R2: [0.4076911211013794, 0.3833613395690918, 0.37361836433410645, 0.34651100635528564, 0.3136197328567505, 0.2840690016746521]
val_Hs_RMSE: 0.29448410868644714
val_Hs_Bias: 0.02332267537713051
val_Tm02_RMSE: 0.5059302449226379
val_Tm02_Bias: 0.027434958145022392
val_Shape_RMSE: 2.3183445930480957
val_Shape_masked_samples: 0
val_SI_mean: 0.9322583079338074
val_SI_per_bin: [0.0, 6.776333332061768, 5.978176116943359, 5.610054016113281, 3.27628755569458, 1.7805027961730957, 1.1295980215072632, 0.8082340955734253, 0.6839991807937622, 0.6604607701301575, 0.6067060232162476, 0.5619513392448425, 0.5191413164138794, 0.5142178535461426, 0.5455882549285889, 0.5876954197883606, 0.528121292591095, 0.5320537090301514, 0.5088337063789368, 0.44598671793937683, 0.4332088232040405, 0.4168608784675598, 0.3989095091819763, 0.39034733176231384, 0.4100448787212372, 0.37247809767723083, 0.3910744786262512, 0.388823002576828, 0.37793898582458496, 0.3735460937023163, 0.3725687861442566, 0.3684138059616089, 0.35975268483161926, 0.3682560920715332, 0.36711180210113525, 0.3666935861110687, 0.36964884400367737, 0.3948644995689392, 0.39583820104599, 0.41157376766204834, 0.425950825214386, 0.4528069496154785, 0.44790196418762207, 0.44737908244132996, 0.48567426204681396, 0.6131694316864014, 1.1613528728485107]
