Delta t: 1
Lead time (steps): 24
Lead time (hours): 24
Best trial parameters:
{'seq_len': 12, 'batch_size': 128, 'lr': 0.0005935682912014691, 'dropout': 0.2873459977473469, 'head_dim': 16, 'nhead': 4, 'num_encoder_layers': 2, 'num_decoder_layers': 3, 'weight_decay': 0.0018573288333114874}
val_RMSE: 2.199223279953003
val_MAPE: 17682.833984375
val_CC: nan
val_Bias: -0.5515146851539612
val_R2: 0.07490748167037964
val_overall_SS: 0.19210263355028878
val_per_step_RMSE: [2.0520551204681396, 2.0517585277557373, 2.061096668243408, 2.0710127353668213, 2.0865139961242676, 2.101335048675537, 2.1189205646514893, 2.1367251873016357, 2.152346134185791, 2.170336961746216, 2.184124231338501, 2.2001430988311768, 2.21742844581604, 2.2299766540527344, 2.243522882461548, 2.258972644805908, 2.2699856758117676, 2.280167818069458, 2.2893929481506348, 2.2994937896728516, 2.302614212036133, 2.3126282691955566, 2.3193395137786865, 2.324826955795288]
val_per_step_RMSE_pers: [2.231642484664917, 2.318552255630493, 2.310098886489868, 2.410532236099243, 2.3698184490203857, 2.5102760791778564, 2.5220987796783447, 2.5973730087280273, 2.6555047035217285, 2.689366579055786, 2.727574110031128, 2.7570056915283203, 2.794656276702881, 2.837519884109497, 2.858426570892334, 2.8712544441223145, 2.886873960494995, 2.9130308628082275, 2.945835828781128, 2.93607759475708, 2.9748239517211914, 2.970201015472412, 2.983556032180786, 3.0037147998809814]
val_per_step_SS: [0.08047317858072711, 0.1150691028105405, 0.10778855385918651, 0.14084835525030648, 0.11954690158363313, 0.16290679495151472, 0.15985821740030126, 0.17735143157277122, 0.1894775666066978, 0.19299325772531806, 0.19924293777903068, 0.20198093693033037, 0.20654698600997579, 0.21411065115669803, 0.21511963773791387, 0.21324539891258876, 0.21368729398129083, 0.21725243382031156, 0.2228375642040119, 0.21681436697073975, 0.22596622542860978, 0.22138998096472884, 0.22262578990903026, 0.22601607985971017]
val_per_step_Bias: [-0.4911486506462097, -0.49667131900787354, -0.5061139464378357, -0.51179438829422, -0.5152496695518494, -0.5183711051940918, -0.5227084159851074, -0.5290615558624268, -0.5354973673820496, -0.5391440987586975, -0.5401881337165833, -0.5409747958183289, -0.5439336895942688, -0.5500833988189697, -0.5591052770614624, -0.5681585073471069, -0.5754616856575012, -0.5807621479034424, -0.5855072140693665, -0.5923615097999573, -0.6012945175170898, -0.6095808148384094, -0.6126418709754944, -0.6105381846427917]
val_per_step_R2: [0.1944909691810608, 0.1947648525238037, 0.187483549118042, 0.1796931028366089, 0.1674169898033142, 0.15558457374572754, 0.14148306846618652, 0.12706363201141357, 0.114307701587677, 0.09950107336044312, 0.08809822797775269, 0.07470852136611938, 0.06016641855239868, 0.0495186448097229, 0.03794652223587036, 0.02470993995666504, 0.015211820602416992, 0.0064217448234558105, -0.0016024112701416016, -0.010412454605102539, -0.01669490337371826, -0.025449156761169434, -0.031316280364990234, -0.036038756370544434]
val_Hs_RMSE: 0.5471345782279968
val_Hs_Bias: -0.271501362323761
val_Tm02_RMSE: 0.818192720413208
val_Tm02_Bias: 0.18018145859241486
val_Shape_RMSE: 2.7925686836242676
val_Shape_masked_samples: 0
val_SI_mean: 1.2087939977645874
val_SI_per_bin: [0.0, 6.83752965927124, 6.064666748046875, 6.2232866287231445, 4.774160861968994, 2.745668888092041, 1.6771814823150635, 1.1185134649276733, 0.8777734637260437, 0.8052242398262024, 0.7293896079063416, 0.6744730472564697, 0.6405773758888245, 0.6365540027618408, 0.6991448998451233, 0.7346941232681274, 0.6479098796844482, 0.5966265201568604, 0.6048974990844727, 0.5692561268806458, 0.5334345698356628, 0.5043896436691284, 0.4938536286354065, 0.48977792263031006, 0.4924892783164978, 0.4612535536289215, 0.473436176776886, 0.4716340899467468, 0.48507997393608093, 0.49084335565567017, 0.4926985800266266, 0.5200707316398621, 0.5383548736572266, 0.5758776664733887, 0.601388156414032, 0.6357147097587585, 0.6731783747673035, 0.733022928237915, 0.781178891658783, 0.8326815962791443, 0.9096023440361023, 0.9867099523544312, 1.0424246788024902, 1.0753724575042725, 1.1120221614837646, 1.1908385753631592, 1.5584607124328613]
