Lead time (hours): 24
Best trial parameters:
{'seq_len': 48, 'batch_size': 128, 'lr': 0.008383755128502089, 'freq_embed_dropout': 0.13993475643167194, 'embed_dropout': 0.15427033152408348, 'head_dim': 32, 'nhead': 4, 'num_encoder_layers': 4, 'num_decoder_layers': 4, 'weight_decay': 0.0017123375973163992}
val_RMSE: 2.0089704990386963
val_CC: 0.8829782605171204
val_Bias: -1.4613514842665154e-08
val_R2: 0.7788622379302979
val_overall_SS: 0.20204819643352112
val_per_step_RMSE: [1.5352685451507568, 1.5468116998672485, 1.5786081552505493, 1.6126748323440552, 1.665429949760437, 1.7102187871932983, 1.7666866779327393, 1.8174506425857544, 1.8622522354125977, 1.907035231590271, 1.94772469997406, 1.9951099157333374, 2.0419366359710693, 2.078721284866333, 2.11337947845459, 2.150113105773926, 2.183431386947632, 2.2179243564605713, 2.249159336090088, 2.282301187515259, 2.318711996078491, 2.357461929321289, 2.3834731578826904, 2.4227867126464844]
val_per_step_RMSE_pers: [1.686943531036377, 1.735360860824585, 1.800602674484253, 1.8878840208053589, 1.973214030265808, 2.054375410079956, 2.1460206508636475, 2.22757887840271, 2.299633741378784, 2.3806490898132324, 2.4458138942718506, 2.518385410308838, 2.579317569732666, 2.628181219100952, 2.681293487548828, 2.737030029296875, 2.7976906299591064, 2.8364343643188477, 2.8932273387908936, 2.939682722091675, 2.993168592453003, 3.0364315509796143, 3.07877516746521, 3.117332935333252]
val_per_step_SS: [0.08991112215382713, 0.1086512697236609, 0.12328900894101447, 0.14577653363679688, 0.15598109266631865, 0.16752372579910468, 0.1767615669393715, 0.18411390042943798, 0.1901961595431919, 0.19894316228693643, 0.2036496707555412, 0.20778213391544764, 0.20834229180135178, 0.20906470613262285, 0.21180598533188222, 0.21443569023381315, 0.2195593881731137, 0.21805898829843284, 0.22261230359103668, 0.223623294322276, 0.2253319769808796, 0.22360774819352536, 0.2258372150490513, 0.2228014258003913]
val_per_step_Bias: [-1.3905829376881229e-08, -1.6281427761555278e-08, -1.1268830313326816e-08, -1.4191350317105389e-08, -1.4411248194790005e-08, -1.3930403497397492e-08, -1.6370943711763175e-08, -1.2147581607280244e-08, -1.486279543883029e-08, -1.2254632864028281e-08, -1.3168068413449419e-08, -1.4200600695346566e-08, -1.2349478772932798e-08, -1.575154762178954e-08, -1.2589969067278162e-08, -1.3145657895563545e-08, -1.560965401381509e-08, -1.5133583275428464e-08, -1.8885680574953767e-08, -1.4020341332354747e-08, -1.6693370241682715e-08, -1.804273885852581e-08, -1.497039292530644e-08, -1.6538226788043175e-08]
val_per_step_R2: [0.8710514307022095, 0.8690829873085022, 0.8636263608932495, 0.8576506972312927, 0.8481714129447937, 0.8398730158805847, 0.829076886177063, 0.8190703392028809, 0.8100234866142273, 0.8007500767707825, 0.792134165763855, 0.781891942024231, 0.7715067863464355, 0.7631729245185852, 0.7551928758621216, 0.7465932369232178, 0.7386434078216553, 0.7303183078765869, 0.7226354479789734, 0.7143591642379761, 0.7051041126251221, 0.6951746940612793, 0.6883867979049683, 0.6780553460121155]
val_Shape_RMSE: 2.0089704990386963
val_Shape_SS: 0.20204819643352112
val_Shape_Mass_Error: 5.5901175244343904e-08
