Lead time (hours): 48
Best trial parameters:
{'seq_len': 48, 'batch_size': 64, 'lr': 0.01220998770502588, 'freq_embed_dropout': 0.21765353888147032, 'embed_dropout': 0.08841161286984522, 'num_encoder_layers': 4, 'num_decoder_layers': 4, 'weight_decay': 1.589668021302328e-06, 'wasserstein_loss_weight': 9.325001129584248, 'kl_loss_weight': 3.6660293013370673, 'peak_loss_weight': 17.227290667564603}
val_RMSE: 2.8415331840515137
val_CC: 0.8340417742729187
val_Bias: 0.9940247535705566
val_R2: 0.5437644124031067
val_overall_SS: -0.7046534201508539
val_per_step_RMSE: [2.848062753677368, 2.8319880962371826, 2.832481622695923, 2.8326523303985596, 2.8333473205566406, 2.8333394527435303, 2.834192991256714, 2.834934711456299, 2.8353140354156494, 2.8363454341888428, 2.8369550704956055, 2.837991952896118, 2.8390965461730957, 2.8400635719299316, 2.8406851291656494, 2.841392755508423, 2.8422908782958984, 2.842890977859497, 2.8433783054351807, 2.8435118198394775, 2.8434557914733887, 2.8438518047332764, 2.8437857627868652, 2.843778610229492, 2.843451976776123, 2.843329429626465, 2.8432538509368896, 2.844144582748413, 2.845076560974121, 2.845299482345581, 2.845771074295044, 2.845163106918335, 2.844756841659546, 2.84443998336792, 2.844332218170166, 2.844447135925293, 2.844050645828247, 2.843754291534424, 2.8429224491119385, 2.8428843021392822, 2.8428127765655518, 2.843104124069214, 2.8434479236602783, 2.8439536094665527, 2.8442625999450684, 2.844326972961426, 2.844374179840088, 2.8442883491516113]
val_per_step_RMSE_pers: [1.318217158317566, 1.3425084352493286, 1.3518863916397095, 1.376300573348999, 1.3977468013763428, 1.4211626052856445, 1.4342880249023438, 1.4562833309173584, 1.4718647003173828, 1.4857065677642822, 1.5027270317077637, 1.5203518867492676, 1.5390838384628296, 1.5637823343276978, 1.5708001852035522, 1.5889078378677368, 1.6035783290863037, 1.6163429021835327, 1.626307487487793, 1.6413735151290894, 1.6503503322601318, 1.659619927406311, 1.6744885444641113, 1.6865102052688599, 1.7009435892105103, 1.7046233415603638, 1.724583625793457, 1.739654541015625, 1.7500636577606201, 1.7460603713989258, 1.7674285173416138, 1.7742681503295898, 1.7843800783157349, 1.7823481559753418, 1.7972773313522339, 1.8061754703521729, 1.8069477081298828, 1.808346152305603, 1.817210078239441, 1.8198819160461426, 1.8311243057250977, 1.8340883255004883, 1.843148112297058, 1.8440974950790405, 1.8525288105010986, 1.857836127281189, 1.862156867980957, 1.873958706855774]
val_per_step_SS: [-1.160541406783338, -1.1094750855038242, -1.095206845939467, -1.0581640269943144, -1.0270819563075952, -0.9936771782522713, -0.9760277866432618, -0.9466917263074657, -0.9263414869615814, -0.9090885749108764, -0.8878711905991121, -0.8666678271200463, -0.8446665965959741, -0.8161501825322341, -0.8084318781752238, -0.7882678200653102, -0.772467753362192, -0.7588415020222561, -0.7483645173566988, -0.7323977715187171, -0.7229407210645484, -0.7135560725507242, -0.6983011153993683, -0.6861911664365785, -0.6716909336751762, -0.6680103811225311, -0.6486610497816527, -0.6348904427243225, -0.6256988986415948, -0.629553896848341, -0.6101194737852049, -0.6035699600366577, -0.5942549887379902, -0.5958947043157106, -0.5825783637020281, -0.5748454026843113, -0.5739529334646454, -0.5725718706613208, -0.5644434747281579, -0.5621256945701754, -0.552495790524631, -0.5501456961149263, -0.5427126581360722, -0.5421926536181629, -0.535340548455876, -0.5309891605584698, -0.5274621750444148, -0.5177967042421694]
val_per_step_Bias: [1.019284725189209, 0.9976475834846497, 0.9979087710380554, 0.9978445172309875, 0.9979279041290283, 0.9978178143501282, 0.9978817701339722, 0.9978120923042297, 0.9978282451629639, 0.9981184601783752, 0.9982485771179199, 0.99888014793396, 0.9993346333503723, 0.999829888343811, 0.9999896287918091, 1.0002365112304688, 1.0003507137298584, 1.0004827976226807, 1.0003846883773804, 0.9999229311943054, 0.9993790984153748, 0.9989993572235107, 0.9983475804328918, 0.99763423204422, 0.9967091679573059, 0.995732307434082, 0.9950467348098755, 0.9950202703475952, 0.9951090812683105, 0.9949907660484314, 0.9943092465400696, 0.9926128387451172, 0.9910479187965393, 0.9897089600563049, 0.9887239336967468, 0.9882931113243103, 0.9872975945472717, 0.9861951470375061, 0.9849560260772705, 0.984074592590332, 0.9834714531898499, 0.9833234548568726, 0.9831956624984741, 0.9831361174583435, 0.9827609062194824, 0.9824029207229614, 0.9817536473274231, 0.9812235832214355]
val_per_step_R2: [0.5421592593193054, 0.5472848415374756, 0.5471315383911133, 0.5470353960990906, 0.5467685461044312, 0.5467120409011841, 0.5464180707931519, 0.5461386442184448, 0.5459743738174438, 0.5456249713897705, 0.5453761219978333, 0.5449967980384827, 0.5445926189422607, 0.5442545413970947, 0.5439739227294922, 0.5437065362930298, 0.5434231758117676, 0.5432361364364624, 0.5430853962898254, 0.54302978515625, 0.5430517792701721, 0.5429067015647888, 0.5428715944290161, 0.542872965335846, 0.5429792404174805, 0.5430185198783875, 0.5430593490600586, 0.5427944660186768, 0.5425191521644592, 0.5424469709396362, 0.5423195958137512, 0.5425186157226562, 0.542670726776123, 0.5427678823471069, 0.5428073406219482, 0.5427696704864502, 0.54287189245224, 0.5429694056510925, 0.5432114005088806, 0.5432274341583252, 0.5432333946228027, 0.5431406497955322, 0.5430135726928711, 0.5428541898727417, 0.5427277684211731, 0.542711615562439, 0.5426956415176392, 0.542710542678833]
val_Shape_RMSE: 3.482001543045044
val_Shape_SS: 0.060185111301017225
val_Shape_Mass_Error: 5.406051784007104e-08
